1.77191
1.49149
1.53727
1.26189
1.79147
1.37785
0.97364
0.70838
1.34078
1.63266
0.51021
0.74326
0.68696
1.48626
1.20202
1.29441
1.30746
1.29279
1.72786
1.81482
1.79221
1.71461
1.73809
2.07727
2.18944
1.84576
1.84588
2.23553
1.57963
2.51676
1.95190
1.90297
2.03773
2.02323
2.42581
1.85965
2.13427
2.60577
2.20480
1.11620
1.84222
2.02015
2.60962
2.95378
2.83803
2.54219
2.58610
3.01137
2.61184
2.80779
3.76363
3.10101
2.71486
3.17592
3.63579
3.70894
1.84472
2.42123
2.72063
2.39771
2.50446
1.56379
2.09961
1.78301
1.09409
1.79810
2.79930
2.93443
2.65217
2.69373
2.42011
3.31752
3.00138
2.90267
3.03925
3.61846
3.65994
3.87936
1.58520
3.20505
3.40914
3.78077
4.14899
4.01591
5.59049
2.80743
3.13431
3.59881
4.54759
3.44635
4.59870
5.18006
3.64014
3.56961
5.02632
4.61974
6.02333
5.30185
4.97677
5.85436
5.13157
2.58141
4.13714
4.72764
4.38895
2.92216
3.66697
5.55349
5.10215
4.89625
4.39846
4.55836
3.57022
4.41348
4.46818
4.69949
4.66907
5.44318
5.70140
4.27040
3.63611
2.99858
4.72525
5.12673
5.84577
5.87931
6.15092
5.99861
5.59578
5.73406
6.65818
6.06411
5.17342
6.59101
6.63428
5.95302
4.90845
4.74523
7.18422
7.54032
5.68576
5.23621
4.99996
4.37505
5.36642
6.13045
6.50333
5.77938
3.90641
3.50053
3.76027
3.50800
5.12334
5.83184
5.12134
5.39430
5.45662
6.14263
6.55855
6.44228
6.04695
6.40822
5.88497
6.14554
6.39551
5.92679
8.13245
5.72759
5.75565
7.11752
7.71050
7.99738
7.20940
5.94595
5.29492
4.77175
6.94453
4.65048
2.66744
4.03211
2.06562
4.69490
5.39341
5.84172
5.97546
5.81904
4.07436
5.12599
3.81972
3.12901
3.48984
4.25636
4.46802
4.59801
4.90317
4.22031
3.56496
4.96547
4.25187
5.23914
5.47693
5.54582
4.87526
5.15947
4.65809
4.11863
3.92574
3.70709
4.65374
3.91849
2.62062
4.09758
3.70681
4.28885
4.93549
5.03145
4.28009
4.65180
3.96106
4.31585
4.62922
3.53644
3.78033
4.00872
3.70792
3.47418
4.58037
4.16429
3.59205
3.93800
4.29106
6.17997
5.84719
4.76806
4.58067
5.66106
5.92070
5.42911
6.44230
6.18804
5.55530
4.36911
3.97255
3.96772
3.46970
3.84361
4.51754
3.98584
3.89870
4.20211
3.29544
3.79965
3.77518
3.87686
4.44509
3.93244
3.74010
3.98987
3.48290
4.80539
4.41193
3.74690
3.96773
3.61577
2.48275
2.22550
3.58150
4.40368
3.24518
3.79602
3.57078
4.47902
3.21423
2.48331
2.64061
3.63332
4.11800
2.71321
2.67430
2.70282
4.25326
3.58312
3.61697
1.79966
3.26216
3.21117
3.16280
3.61126
3.05407
2.66901
4.42676
3.33603
2.74906
1.58788
2.71278
2.86823
3.17434
3.02496
2.31393
2.20031
2.84904
3.27298
2.63879
2.93916
3.09785
3.13035
2.21308
2.74306
2.33835
2.77880
2.48686
2.32099
3.24416
2.50581
1.86700
1.63888
1.72745
2.44790
2.17665
1.79119
2.64224
2.52485
2.17872
1.61529
1.83358
2.30272
1.64463
2.30363
2.94959
1.79558
1.81310
1.89357
0.89814
1.32581
1.31254
1.55194
1.72319
1.31065
1.21174
1.29618
1.27188
1.86860
1.68778
1.44147
1.29864
1.74213
2.04240
1.15644
1.27945
2.08246
1.38112
1.40808
1.41329
2.19508
2.96961
1.70355
1.38289
1.33510
2.27566
2.24273
2.37622
1.65877
1.69046
2.03833
1.62503
