2.41175
1.73736
1.76014
1.48260
1.41251
1.40628
2.19544
2.35158
1.81461
1.80359
2.29260
2.75302
1.65442
2.37703
2.14071
2.78434
2.30494
1.75047
2.39261
2.65509
3.11778
2.58267
2.31093
3.38286
4.14534
1.71198
1.97299
1.42759
1.88478
1.51302
2.45985
2.31038
2.08018
1.85316
2.25976
2.07672
1.90558
2.36384
2.68720
2.22259
2.85819
2.80428
3.28660
3.04630
3.17439
3.25893
2.55933
2.92596
2.64381
3.53581
2.35474
2.74968
2.92993
2.47942
2.43078
3.01891
3.13746
2.76183
3.12907
3.84037
2.62113
3.39558
3.93281
3.38331
4.03405
3.98384
2.34978
3.31365
3.61814
4.47615
3.04505
2.94345
4.00064
3.81808
2.42497
2.30631
2.84385
3.56590
4.13708
4.27248
4.18618
4.55662
4.18056
4.06188
4.25842
3.76441
3.99992
3.98821
5.24758
5.76694
2.98296
2.30043
3.41945
2.19862
3.43510
4.84419
5.00513
3.46292
3.98316
3.40124
5.37861
6.14737
3.75574
4.61685
4.39496
4.73681
4.25161
4.35933
4.68091
6.00623
6.95840
6.88308
6.33788
4.27814
4.73796
5.09833
4.38918
6.24600
5.98271
4.68255
4.26740
4.97446
6.55042
6.04700
5.63280
5.57400
4.96859
6.27768
6.85291
5.82245
5.26315
4.61856
6.56243
6.46330
6.41764
6.01274
4.63475
5.68711
6.56064
5.84853
6.89843
7.85190
6.96185
5.85848
6.08634
5.60747
4.36156
5.46408
6.30212
6.36666
6.02176
5.06629
6.83611
6.86885
6.32352
5.05575
5.07192
6.38818
6.73330
6.10431
6.25790
5.77252
3.92608
6.35889
6.51384
4.73768
4.60847
4.82653
5.05967
4.99728
4.19200
4.93399
4.33251
5.39384
5.75741
5.82104
5.76789
5.67821
6.28250
6.29425
6.45482
6.51211
3.92352
4.12189
4.39598
4.55198
3.99304
5.25573
3.71284
4.50454
3.81083
4.73855
5.80366
4.23994
4.71712
2.84827
4.24370
4.15455
2.67986
4.24269
3.56574
3.82202
3.61347
3.58762
4.40548
4.25810
4.57760
3.95321
3.58061
3.46086
3.87666
4.65170
3.30422
3.96204
4.02308
3.03851
1.67749
3.66951
3.98733
4.24306
4.64387
3.43140
3.83837
4.47684
4.31346
4.15273
3.82562
4.96714
4.14586
4.02319
4.53273
4.98310
4.06318
4.12329
4.70808
4.82546
5.26071
4.36896
3.80377
3.53653
4.14700
3.80880
2.89341
3.14973
3.29040
3.74390
3.42425
3.52236
3.86863
4.16059
4.25559
4.54330
4.12914
4.00696
3.75435
4.18050
3.57958
3.45812
3.37048
3.32713
2.81908
2.98923
3.17640
2.82088
3.86463
3.42908
3.34031
3.71243
3.91266
3.89581
3.83893
4.77219
3.13726
4.11046
3.50903
3.13490
4.13658
4.12435
5.11463
4.43352
3.92602
4.21416
3.82112
4.32177
3.50699
2.82585
2.88043
3.86161
2.37741
2.79497
2.63565
3.40281
3.23812
2.94818
3.50887
3.26398
2.70878
2.18979
3.01838
2.71370
2.04226
3.56974
3.51603
2.76722
1.79903
3.04409
2.09250
2.56597
2.46033
3.63502
2.95075
2.11800
1.84892
2.56898
2.61719
2.97176
2.19961
1.94240
2.31236
1.74355
3.07876
2.73446
1.53581
2.13384
2.39600
2.14665
1.66395
2.10438
1.87155
1.67487
1.75722
1.64295
2.29857
1.75493
2.50939
2.36382
2.50261
1.75836
1.88576
1.25935
2.01033
2.08294
1.64335
2.18106
1.86346
1.33099
1.94433
1.54794
1.81598
1.42079
1.50346
1.63679
2.31986
1.76551
1.77553
1.66464
2.07208
1.90511
1.50117
1.48491
1.40776
1.42227
1.83527
1.42599
1.36237
