1.54447
1.35597
1.43184
1.72842
1.67508
2.03712
1.88609
2.23935
2.19193
1.45416
1.75457
2.03712
2.22271
2.40629
2.01631
0.86500
1.76924
1.97921
2.12938
2.10744
0.81324
1.45218
1.86793
1.90346
2.17042
2.25321
2.39445
1.92805
1.98820
2.29857
2.26233
2.53818
2.85225
2.94787
2.24233
2.14392
2.44726
2.57631
3.13922
3.32570
2.31019
1.03394
1.85464
2.23563
2.62232
2.79790
2.89873
3.10715
3.02037
2.83140
3.61591
1.58943
0.78006
2.16418
2.70784
3.11849
3.07795
3.11081
3.22887
3.70694
3.37343
3.27345
1.69299
2.60970
4.20984
3.87064
4.31999
0.89111
3.32531
2.63673
2.65097
0.78166
2.62816
3.40905
3.86495
4.23269
4.33122
1.50515
3.06300
3.35139
4.39504
4.11107
4.29983
4.29822
5.20075
4.84521
3.44949
3.32961
4.19736
4.33039
3.86465
5.50811
5.47050
5.08203
5.16448
5.46372
5.40102
4.76504
5.19082
4.51998
5.07520
2.81332
3.89867
4.99530
4.45374
4.55740
5.64843
5.68777
5.69522
4.88859
5.40875
6.20847
5.54460
6.06618
6.27340
5.44606
5.70011
6.02147
5.69068
5.80103
6.75353
6.99529
6.89890
6.47923
6.13915
5.21900
5.97135
7.04170
5.33880
4.54541
4.42335
6.06826
6.28309
6.46949
5.21198
5.72662
5.55398
6.00843
7.06439
7.43517
6.06354
5.62037
6.46511
7.00973
6.31139
6.11952
5.69807
7.01077
6.94802
6.58209
6.07666
5.53664
5.71256
5.16558
5.69196
5.80599
6.58889
7.66126
7.24088
7.27432
5.49182
5.94140
6.93298
5.91031
6.53932
7.16364
4.81326
6.59718
8.04250
7.19561
7.28354
5.59190
5.62599
6.60560
7.17612
6.73924
6.45134
6.22457
5.94839
7.90638
8.30891
7.12930
4.85353
3.64394
5.42828
5.73767
6.58460
7.67620
6.78442
6.29042
6.34524
7.20823
5.80265
6.23719
6.23135
5.59615
4.00709
4.72822
4.70937
4.80651
5.52307
6.04754
4.84562
3.77082
1.93789
2.32038
3.70766
4.51455
4.15596
4.64504
5.42359
5.95593
5.90201
5.44675
5.62280
5.10494
5.74365
5.01747
4.72849
3.87457
4.43622
5.15739
6.19248
5.97764
4.93973
4.80480
5.38848
4.99195
5.41911
6.73173
6.49681
6.36032
5.60533
5.25647
5.33284
4.85762
4.76390
5.15169
5.18076
4.71900
4.78253
4.19120
2.90512
3.64481
4.02947
4.90090
5.53873
6.31869
7.19820
4.86023
5.90334
5.62383
3.79458
4.34945
3.80853
4.00341
4.95759
4.78030
4.14052
4.69847
5.38459
5.43939
5.17024
3.67495
3.76197
4.86902
4.84529
3.48410
4.26134
5.15149
5.23764
5.03086
4.30014
3.48794
4.03586
3.66678
5.22929
4.17705
4.47753
4.11565
3.33299
4.01432
4.50025
4.53802
4.12991
2.97354
3.33585
4.81555
4.02148
4.04829
4.23943
4.18837
3.13248
2.95952
3.16101
3.87912
3.34107
3.41168
4.77263
2.92138
1.62234
2.18353
3.30538
2.47510
2.54390
4.16466
3.57925
2.46317
2.43239
4.22197
4.25934
3.73113
3.40210
1.50407
1.83789
2.22148
1.76763
2.17171
2.69236
2.67109
3.06558
2.31678
2.78059
2.59371
1.76433
1.74096
2.71845
3.24579
2.50173
2.17756
2.50086
2.07215
1.78463
2.35156
2.04411
2.21914
2.05317
2.16328
2.09765
1.84037
1.94459
2.79425
2.42500
2.10563
1.08795
1.42692
2.29783
1.82099
2.29200
1.52224
1.53570
2.11085
2.08054
1.43734
1.80879
1.72714
2.36747
2.47808
1.64851
1.50316
1.80762
1.91212
2.83682
1.21261
1.62337
1.49957
