0.17796
0.21058
0.25407
0.49757
0.95972
1.21271
1.45857
1.43790
1.59244
1.62035
1.84165
1.73039
1.85803
2.40036
1.97430
1.71442
1.59805
1.76654
1.55749
1.03147
1.54733
1.64652
1.79350
1.07779
1.80702
1.88962
2.82976
1.80623
1.75354
0.60681
1.40972
1.66348
1.43125
0.35967
1.24067
1.11843
1.21804
1.56112
1.97230
1.76510
2.08274
2.17778
2.44869
2.68280
2.50622
2.31550
2.25052
2.61528
2.69805
3.08225
2.45234
2.60129
2.82262
2.84942
3.29777
2.21070
2.64887
2.67269
2.82119
3.17304
2.69928
1.13694
1.25962
2.42664
2.50024
2.65071
3.00751
3.82278
3.51325
3.59095
3.06962
3.46187
3.68179
3.19230
3.24634
3.88075
2.47142
1.80804
2.74027
3.48743
2.56426
2.69229
3.63587
2.14647
3.04019
3.36914
3.66537
3.70934
3.86053
5.31531
4.70065
4.21869
5.96754
3.73638
2.04481
2.45870
1.37781
3.11711
3.82469
4.61149
3.42635
2.35161
3.33942
3.43861
3.93509
3.78333
4.38169
4.83509
4.12960
3.51847
3.86207
4.00090
4.54015
5.46668
5.78824
5.18453
5.09681
5.15855
5.07603
5.36388
5.04565
4.67309
4.16947
5.28924
6.71863
5.77756
4.36125
5.00223
5.70418
6.44690
6.42144
5.43122
5.46581
5.27619
5.11737
6.54766
6.19398
5.23198
6.28584
6.51091
5.38695
5.12312
5.49261
4.90055
4.06799
4.65660
5.62580
5.82461
5.24297
5.83349
6.17681
6.92580
6.44413
5.74900
6.48840
6.21114
4.26587
5.57032
6.53943
6.12585
4.89636
6.80275
7.47033
5.38906
5.35673
5.08663
5.52385
6.31283
6.17482
6.46754
6.59157
4.50887
4.01785
3.35565
3.89579
6.57805
7.00667
6.04073
5.35706
5.84829
6.88652
6.31869
6.84912
6.28299
5.68739
7.19376
6.39104
4.68708
5.08094
4.05570
4.80183
4.81698
5.05044
4.92960
4.79816
4.52825
4.55329
4.21753
4.67679
4.59013
3.91070
3.88942
3.35675
4.10085
4.18742
4.11862
3.94990
3.80999
4.70916
4.72350
5.42383
5.26993
5.11027
4.59612
4.52241
3.91174
4.89041
5.36081
4.85540
4.78429
4.12220
2.45562
3.45294
4.24122
4.79102
5.65440
4.03976
4.07781
4.06580
4.91597
3.36795
4.38644
4.70909
3.73559
3.51098
3.85481
3.92547
3.98370
4.73716
4.08760
3.76415
4.07039
4.75011
4.95106
4.54914
3.74898
4.31656
4.22432
3.85072
3.37691
3.84679
3.94345
3.84762
3.83748
3.79314
4.04877
3.50041
3.32408
2.99046
2.78544
3.36944
3.43844
2.49001
3.66885
2.93490
2.93837
2.42034
3.40466
3.63956
2.35179
2.43028
1.63411
2.44989
2.54562
2.12835
1.98304
2.49367
2.44233
3.29463
3.41669
3.23651
3.12702
3.44369
3.50953
3.47044
4.18988
4.22279
3.01403
2.68004
2.74246
2.50885
2.28028
2.47124
2.95458
2.57455
2.82434
2.67283
3.00836
3.22309
2.39492
1.74145
2.48886
2.07236
2.57972
2.64308
1.78977
1.37865
1.88060
1.99123
2.16511
2.43678
2.66755
1.71932
1.99007
2.58990
2.92719
2.06081
2.16338
2.37368
2.22634
2.69164
2.72049
2.35510
2.87068
0.57574
1.20754
1.45826
1.52916
1.83107
1.61085
1.44239
1.39750
1.73456
1.70305
0.51042
0.77905
1.52266
0.80992
1.41166
1.48535
1.68607
1.24624
2.26456
1.83550
1.80939
2.02195
1.87611
1.66601
2.09360
1.66784
2.16595
1.11598
1.85211
2.16693
2.12337
2.02496
2.26843
2.29574
0.75814
1.01319
1.32953
1.10992
1.29078
1.48942
1.56350
