1.65595
2.39382
1.81176
1.20546
1.20215
1.40981
1.29677
1.35173
1.86133
1.92701
1.46994
1.63591
1.44848
1.43594
1.70492
1.80123
2.11959
1.91582
2.76136
2.14119
1.77485
1.57138
1.81962
2.37893
2.53267
2.16906
1.92242
2.45140
2.93010
1.94421
1.82431
2.01750
2.08791
3.98679
1.37569
1.72240
2.07807
1.94364
2.40429
1.85158
1.83204
2.17587
2.19937
1.66252
2.36124
1.76991
2.04608
1.21089
1.41933
1.98363
1.62880
1.99496
2.57116
3.19436
2.91951
2.27088
2.60679
2.41426
2.53124
2.68863
2.85834
3.34723
3.74699
3.67359
3.41839
2.61241
2.80362
3.14556
3.73141
3.81398
3.34772
3.38377
3.18226
1.91501
2.56137
2.87376
3.47633
3.28642
3.87951
3.90050
3.57839
3.89933
5.19896
6.07319
1.83347
3.39935
4.30166
1.80121
1.92152
2.99897
3.65300
3.07564
3.97308
4.35218
4.41309
3.64601
3.68048
3.82606
3.78970
5.06975
6.42301
3.82534
4.38664
4.80046
3.43138
3.83674
4.00859
4.37863
4.45573
4.37823
5.43574
4.47549
6.17668
6.52053
5.50647
3.60347
4.27221
4.75794
4.75912
4.80936
4.97773
5.58853
5.64786
5.63096
5.74921
5.01505
5.36136
4.70209
5.12530
6.43203
6.04387
6.57165
5.74772
4.23173
4.95938
6.21194
6.09846
6.62511
6.16246
4.11132
6.95901
6.32132
5.84681
5.40474
5.91601
6.31851
5.33250
5.87441
6.30105
6.60698
5.95545
6.20241
6.52478
7.51263
5.99155
5.18648
6.57688
7.44106
6.16417
6.70054
2.32260
5.53623
6.03688
6.91410
6.61303
5.46062
7.35874
6.98360
5.60178
5.95264
7.19818
6.66245
6.15385
6.38780
6.97372
7.21023
6.96912
6.64285
6.04744
6.37710
7.05987
4.59871
5.13479
4.31500
4.35870
1.87548
3.03933
3.13237
3.32206
5.07030
5.47143
5.37376
5.85136
5.79171
5.54696
5.96151
7.21889
5.18583
5.00501
4.46498
3.81515
3.81308
3.00880
3.56494
4.27267
4.59520
4.84867
4.35485
4.66368
4.65126
4.70321
3.52240
3.08389
4.45293
4.59876
4.21318
4.46050
4.15789
3.84471
4.65411
3.52607
3.73870
4.07928
3.95768
4.11487
4.48835
4.53792
3.78557
3.84086
4.04755
3.93467
5.01128
5.85127
5.64349
4.35796
3.97979
4.08194
3.87076
3.95088
4.67524
5.50867
5.22356
5.17787
5.28531
6.04163
2.69477
2.86760
4.86961
5.52225
4.95447
4.43731
4.35993
4.11318
4.00509
4.14357
3.69362
3.66179
4.08841
3.83965
3.19829
3.34743
3.47892
4.20699
4.17245
3.82765
3.85236
4.49019
4.67073
4.35734
2.62131
3.33179
4.00039
3.74219
4.04467
3.71372
4.18189
4.39865
3.87503
4.24232
4.19127
3.15110
3.57141
3.90522
3.22730
3.43521
3.80670
4.62973
5.04625
3.70621
3.06320
4.27952
3.38630
1.78264
1.85344
1.91941
1.98270
2.16187
2.93968
2.68314
2.62697
2.23735
3.10352
2.41960
1.88252
2.02311
2.39827
2.35568
2.10747
2.65875
3.03805
2.23114
3.11874
0.85804
1.81450
2.53064
1.86916
1.84875
1.91872
1.94640
1.77440
2.76933
2.50003
1.95212
1.08114
1.72469
1.56281
2.21323
1.97364
1.93829
1.86088
2.46700
2.05756
1.36284
1.83236
1.90269
1.73551
1.29894
1.97385
1.58490
1.51191
1.11269
1.33036
1.53673
1.01898
1.17057
1.48108
1.83696
1.68520
2.30445
2.05699
1.86143
1.59924
2.14562
2.39364
1.26509
1.75378
1.56459
1.52047
1.37218
1.57376
1.58590
1.85565
1.68858
1.49205
2.08894
