1.80723
0.84947
1.68861
0.89176
1.31627
1.56500
1.35247
1.50036
1.59535
1.94670
2.17069
1.04062
1.54533
1.75789
1.74568
2.08157
1.78672
2.30269
2.28463
2.77620
1.37252
1.97281
2.65188
2.04832
1.58876
2.12524
1.08227
1.68360
2.01139
2.25104
2.12507
1.89201
2.35485
2.73768
3.10096
2.55276
1.65979
2.06344
2.14619
2.00565
2.66811
2.74296
3.04247
2.75907
1.87104
2.28587
2.40480
2.12779
2.40916
4.06939
3.69134
2.82759
3.38825
2.93636
2.78626
3.52850
4.34662
4.29978
2.93838
3.80323
3.35237
3.04398
3.15643
3.16761
3.17951
3.23169
3.33259
4.38387
4.01599
3.85499
4.65888
4.69990
4.64920
4.10341
4.06785
4.16691
3.77260
5.03568
5.28100
4.12303
3.68806
4.94807
4.46284
4.86826
2.74867
2.04161
4.06681
4.60263
4.27501
4.26647
5.85341
5.45424
5.06915
4.84538
5.27376
4.57195
5.60798
6.19657
6.24567
4.90627
5.35772
5.75120
3.83727
3.84452
4.97425
5.58631
5.03636
4.54175
4.92236
4.50593
5.72700
6.16719
5.72424
5.98592
6.12885
5.53512
4.23418
5.04048
4.70806
5.24446
4.69327
5.83885
6.14652
6.32713
5.15818
6.02081
6.92485
6.11367
6.42289
6.98618
6.36107
5.22605
5.85414
6.06375
5.26732
1.87579
3.94325
5.54170
5.78773
5.52724
6.10416
6.51428
6.16696
7.44758
6.95649
5.30528
6.32727
5.43283
7.14393
6.79230
6.04708
6.47275
6.70328
6.42647
5.86561
6.41728
6.75441
6.07810
7.23001
6.48791
6.77144
6.02185
6.69112
6.90218
6.15696
6.25542
6.75027
6.91094
5.59734
5.78748
6.05024
7.16969
7.62953
8.04111
7.48113
6.83069
6.65527
5.77768
5.27369
4.87419
6.36991
6.99642
7.29294
7.57130
6.14816
6.77352
7.35762
7.20019
5.51355
4.59084
4.12770
4.14956
5.01791
5.21694
5.34863
4.76036
4.81419
4.66830
5.10558
5.14875
5.01501
4.55694
3.99263
3.29940
4.67160
4.63793
4.65308
5.02880
4.22347
3.75328
3.85146
3.88329
3.74009
4.15987
4.19326
3.97869
3.46793
4.07946
4.23370
5.86593
5.04016
3.41014
4.11819
4.61735
5.09719
4.40581
3.99492
4.18852
3.44118
3.35661
4.04512
4.00006
4.18942
4.45587
4.85364
5.41405
5.33570
3.94629
3.88363
4.12574
3.74831
3.16927
4.15588
4.12094
3.51138
3.40005
3.90371
3.72918
3.78455
3.87655
5.13856
5.00004
5.10392
5.25682
4.24150
4.16436
4.19530
4.67251
5.24475
4.50557
4.85801
5.43951
4.60557
3.99833
5.43710
5.35367
4.82710
4.83377
6.06036
5.68613
5.40451
5.40080
3.41035
4.60370
4.54899
3.58051
0.83355
2.80650
2.42431
3.20313
3.15435
3.45524
3.69551
3.52130
3.51990
3.72214
4.43436
4.12725
3.13903
3.13348
3.77627
3.58273
1.33440
1.94197
2.47599
2.66603
3.06553
4.18715
2.86051
3.16446
2.90731
2.98633
2.87680
2.61655
2.33733
2.76091
2.11187
2.63108
2.76258
2.61954
2.86778
1.99843
2.15595
2.38048
1.99118
2.24676
2.54442
2.83288
2.33286
1.97985
1.87569
2.63379
3.28942
1.90482
1.29711
1.60648
1.76709
2.59248
1.95775
2.23441
1.74784
2.11407
2.13829
1.58893
1.75956
2.44083
2.11564
1.57696
2.10896
2.62732
2.04054
1.89840
1.78679
2.97471
2.25802
1.32583
1.55512
1.77363
2.21477
1.32798
0.95248
1.04789
1.04357
1.35042
1.60627
1.46175
1.89460
1.78852
1.65695
0.84217
1.50636
0.89994
1.13850
0.68945
1.30939
