1.69155
1.42976
1.60168
1.63627
1.73490
2.37574
2.56634
1.82750
1.76457
2.45427
2.56353
2.52516
2.17408
1.45304
1.79790
2.16360
2.04234
2.34275
2.09525
2.91463
2.53904
1.99730
2.46950
2.71794
2.42428
2.79403
2.15036
2.66889
2.32205
2.95125
2.12758
1.33791
1.26495
1.99640
0.92927
2.02177
2.65433
1.79285
1.35112
0.89806
1.55245
1.88654
2.42325
2.05507
2.81389
2.61314
1.99108
2.44103
2.87044
3.30905
3.14680
3.12588
3.10522
3.42786
3.33920
3.17957
3.77916
3.09353
3.96582
2.50422
3.46707
2.57554
3.35821
3.60306
3.49207
3.85513
4.42714
3.82619
3.12680
2.62638
3.16741
3.32393
1.27248
3.26801
3.63227
1.70362
2.04713
3.11217
3.87655
4.51484
3.96781
3.85058
4.35215
3.72274
3.70976
4.98423
3.78244
4.12640
3.82972
2.85332
4.11006
5.27649
4.54127
4.12843
5.24692
4.32902
5.01338
5.03404
4.83503
4.55872
5.38897
5.18212
5.82713
4.37900
4.81835
5.53689
5.41176
4.58475
4.86187
4.38289
4.37831
5.27818
4.10392
5.14895
4.68811
6.32371
5.40118
4.75278
3.26648
4.88002
4.41972
4.13626
5.02176
6.80105
6.21663
7.24312
5.75437
5.00392
4.90048
4.82427
5.71557
5.52075
6.11265
5.57623
6.53443
6.12891
6.01639
6.32539
5.05301
4.90818
7.01249
5.21300
5.73913
4.11633
5.58672
6.96570
6.02008
4.87918
5.26966
3.84123
4.86105
4.98766
4.68890
4.35576
5.70994
4.03463
4.77513
4.47831
7.15203
6.41951
6.68207
4.65755
5.92595
6.37267
6.32793
5.51313
5.38857
4.88759
4.08054
5.68039
6.05702
5.95133
6.03635
4.83838
4.64301
4.00290
5.20278
4.53243
3.81864
4.55414
4.51018
4.68778
3.91400
3.58294
5.32651
5.32227
5.21386
4.36867
3.12292
3.64848
5.41351
4.98346
4.88442
5.20766
3.78235
1.70107
2.86767
2.76451
3.23090
4.71296
4.53735
3.56156
3.92179
4.32587
4.58528
4.56713
4.71812
5.09581
5.29322
5.66085
6.16658
4.85294
4.89961
4.75198
4.77041
5.09950
4.34622
4.35854
4.11378
3.79133
3.23784
2.42686
3.41506
3.45718
3.69759
4.29494
4.95571
4.40937
4.17863
3.88090
5.30717
4.91642
4.83672
4.08058
3.23096
4.03273
2.85328
2.93649
2.78467
4.37584
2.58472
3.20041
3.70552
3.98462
3.86173
4.03031
4.65538
4.64512
4.35731
5.62196
3.62260
3.14299
5.05617
4.08824
4.67363
4.70157
4.49188
4.06030
4.68294
4.61166
5.05530
5.67233
4.93704
4.46016
3.86065
2.78900
3.76296
4.09760
4.34200
4.46542
4.86625
3.50721
3.13587
5.20945
3.61494
3.20570
2.75026
2.44869
3.46674
2.49352
2.94635
3.77015
3.23767
2.66689
2.07647
2.76040
3.26850
3.43867
3.04923
2.99710
4.77254
4.46040
3.81673
2.95763
2.75113
3.33795
3.13147
3.11040
2.69964
2.47410
2.32137
2.76977
2.34639
4.22115
2.76391
0.39240
1.44630
1.27930
2.08846
2.81406
2.75742
2.32887
2.10240
2.21781
2.20466
2.30846
1.81568
1.88382
1.43281
1.28314
1.98753
0.36033
1.66336
1.97199
2.07836
2.11303
2.01226
1.62325
2.30373
1.84179
1.94654
2.11843
2.16784
2.37135
1.79755
1.71717
1.53613
1.74566
1.31217
0.77341
0.73504
1.11002
1.22396
0.57441
0.95720
1.29902
1.43037
1.33665
1.48860
0.73217
0.61717
0.98118
1.20037
1.18957
0.28545
0.89024
1.26065
1.29437
1.11093
1.28519
1.20521
1.11519
1.57041
1.32302
1.12822
