1.33020
1.47734
1.54660
1.84458
1.87924
1.67234
1.37354
1.63657
1.35204
1.54730
1.57346
0.98114
0.70279
0.40558
0.56292
1.06064
1.19821
1.63816
2.11896
1.89371
1.68637
1.87094
0.25878
0.36764
1.05352
1.06217
1.39229
1.71445
1.62222
1.30813
1.65784
1.37874
1.65227
0.90816
0.90717
0.83374
1.23687
1.67276
2.16421
2.46168
1.88897
2.34994
2.62010
2.76037
2.78112
2.81450
2.99438
3.20269
2.67646
2.85478
3.76937
1.08507
1.41382
1.72371
2.25892
2.63466
3.20894
2.44661
2.50743
3.11310
4.09216
2.29367
2.46604
3.62423
3.09472
3.23463
3.10941
2.26672
3.96993
3.38622
2.41985
3.43373
2.79890
3.13420
2.55330
3.82915
4.32259
3.03973
3.30258
3.64255
4.32902
3.52921
4.19197
5.37479
5.42006
5.38995
5.41206
2.76983
3.52718
3.98026
4.99305
4.14781
4.62332
5.64513
4.72307
4.72423
4.55591
4.58328
3.99379
4.22883
4.57051
5.31353
5.25770
4.54650
4.73538
3.59782
5.38619
5.49224
4.53746
5.95178
4.63583
4.50240
4.12274
5.16327
6.50631
3.23971
0.92089
2.25671
4.37170
5.01207
5.22391
4.43394
4.20442
5.26797
5.29634
5.68908
3.71378
4.49283
5.18149
5.39336
5.22395
5.72667
5.59665
5.51981
4.22041
4.49881
4.21614
4.50045
6.19546
5.33781
6.18589
4.81799
4.34557
5.39244
5.97159
6.52806
6.11473
5.95184
6.42835
4.87386
5.01925
6.01683
6.79166
6.71503
4.59830
5.18887
5.25994
6.12644
4.56172
6.07453
5.79095
6.40422
5.14821
5.99185
6.10258
5.83664
6.52698
6.65592
5.89174
5.67295
4.49577
5.42056
6.62524
5.87037
5.48597
6.57946
6.18301
6.84398
6.17767
5.68511
6.30855
7.29464
6.60624
6.73593
6.48629
6.28915
5.60964
7.10734
7.55500
4.92621
5.03901
5.66853
5.75788
5.62921
4.68535
4.45518
5.53737
4.20997
2.32105
3.39715
3.54669
4.04873
3.86523
4.95657
5.21245
6.00447
5.39315
3.03294
3.53315
4.31768
4.10971
3.57938
0.78085
2.23179
3.89633
4.22988
4.41494
5.50564
3.53936
3.45274
3.50358
4.32114
2.05657
4.12486
5.27438
5.71387
5.08321
5.12144
5.10000
4.24057
2.96971
2.48620
3.65173
4.45243
4.54579
4.98732
5.05605
4.43346
3.74150
4.21397
4.29137
4.39719
4.12049
3.77251
3.59883
4.29487
4.47011
4.78892
4.51035
4.93764
4.99338
5.28973
4.49174
3.52378
3.54631
4.45973
4.17885
2.94361
3.93960
3.84584
2.28096
2.83700
3.64134
3.85296
4.67336
3.38435
4.76951
4.73840
3.99506
2.32386
2.02912
2.11474
3.08486
2.83972
2.70834
3.73357
2.65948
3.32837
4.49355
4.16382
4.18318
3.09013
2.74978
2.63647
3.05929
3.11679
2.21914
3.93560
1.31786
1.57901
2.09914
2.85981
2.78066
2.81147
3.28608
2.53609
3.00737
3.24345
2.44501
3.07548
2.36100
2.66627
2.49793
2.83617
2.63364
2.56785
2.40972
2.51509
3.47228
2.99638
2.42710
3.29971
3.65335
2.62072
2.77561
1.28665
2.05584
1.76615
2.14849
2.11998
2.89292
2.35676
1.33555
1.58713
2.57274
2.42182
2.43589
2.16211
1.63143
1.31080
1.46362
1.46866
2.25413
1.16130
1.38173
1.92197
1.32028
1.62364
1.76051
2.06764
1.54141
2.40941
2.11734
1.45306
1.39387
0.75152
0.85385
1.12243
1.41596
1.59432
1.70358
1.90902
1.81492
1.71965
1.71898
1.79409
1.83265
1.85378
1.94080
2.00919
2.16240
1.94088
1.89849
2.28556
1.79798
