0.72930
0.54654
0.78561
1.30563
1.62397
0.55434
1.32479
1.79271
1.58262
0.29658
1.44087
1.72581
0.80364
1.39841
1.82989
1.49173
2.00370
1.95331
2.04761
2.39542
3.31261
1.88161
1.97190
2.34309
2.15156
2.32591
2.12675
2.58886
2.12015
2.18033
2.44025
2.04648
1.44895
1.37173
1.77741
2.02407
1.36557
1.88831
2.45807
2.53344
1.62725
2.27655
2.70909
2.31969
1.81105
2.69897
2.31253
2.55125
1.92601
1.95041
2.35658
2.15855
0.35532
1.36267
2.07872
2.73709
3.20607
3.07143
3.50913
3.43787
4.22968
3.76268
3.42883
3.66928
4.85333
4.78003
3.03124
2.95830
3.71786
4.54767
0.95217
2.44137
3.03352
3.50741
3.48628
3.51422
3.50725
3.22332
4.33732
3.79738
3.80917
3.90602
4.06733
4.08884
4.27685
4.30334
5.02811
5.25845
3.65496
4.63961
4.37842
5.66116
5.21905
4.92026
4.21332
3.13060
4.87069
4.74980
6.42739
6.27080
5.24144
3.42677
3.98911
4.63680
5.76272
4.73626
3.96071
4.74045
5.92047
7.02058
6.43023
5.08794
4.22973
5.27572
5.04266
5.81962
6.38391
5.90046
5.93950
5.19548
5.70212
5.07264
5.29559
5.68471
6.50892
6.50682
5.80879
5.18019
5.02839
5.30841
4.67138
3.66851
4.01201
4.97774
5.99114
7.17242
6.00761
5.65924
5.89038
4.42569
6.06609
6.66074
5.11886
5.63597
6.85326
7.21533
6.22422
5.68962
4.73954
5.20548
6.82614
6.93898
6.55794
6.67892
6.05616
6.04139
5.61794
6.72944
6.75299
5.25600
5.45198
6.47395
6.13731
7.13818
8.58651
6.39370
6.58668
6.97665
7.21380
6.51090
7.47930
7.94279
7.60085
6.22108
5.81895
6.75070
6.38111
5.60881
5.79037
5.50118
4.75843
5.65606
6.30310
6.99948
6.62077
4.63406
3.33900
4.59507
6.83033
5.19507
5.31775
6.35701
5.65094
4.73057
4.99702
5.23002
5.16427
4.80878
5.54248
5.97741
6.39658
5.92784
4.84798
4.90139
5.03963
4.71974
4.30395
5.55729
5.39615
4.19989
4.21901
3.93073
4.73003
3.93892
4.63636
4.61551
4.47796
3.95554
4.24675
5.47243
4.20391
2.35077
4.54428
4.62101
5.05461
4.93113
4.56015
5.81684
5.22006
4.14527
5.75743
5.11471
4.68118
4.10091
4.19250
3.88783
4.73963
5.35714
5.02523
3.25626
4.36859
4.38512
4.79532
4.69211
4.28988
4.58935
5.98822
4.51304
4.64592
4.36805
4.03341
3.46030
4.00215
4.23363
3.82822
4.02681
2.13642
2.05113
3.51235
3.58822
3.55374
4.13785
5.16734
2.93997
2.49614
3.59962
0.86917
2.41496
3.46934
2.52996
3.50297
4.38601
4.16705
4.05256
3.23367
3.60354
2.74632
3.72538
3.66751
4.28600
3.99598
4.65536
4.47905
4.37749
3.74743
3.56040
3.04577
3.42070
4.63095
4.10553
4.00819
3.29963
4.20848
3.60015
2.99149
3.31939
3.81911
3.88439
3.02001
4.50933
3.74854
3.79609
2.88960
3.06238
2.33390
3.18605
2.18364
2.45748
2.49659
2.39384
1.96361
2.19815
1.86577
2.39058
2.05631
2.44835
2.29231
2.43027
2.10917
1.83921
2.19273
2.39748
0.94069
1.63321
1.11057
1.30138
1.75990
1.71432
1.90918
1.84319
0.20585
1.12030
0.85189
1.12277
1.49211
1.44673
1.51340
2.00255
1.56181
1.54163
1.53764
1.44247
0.98992
1.17831
0.96774
1.51745
1.82134
2.09913
2.16410
1.50522
1.67821
1.62911
1.47537
1.65800
1.69460
1.69036
1.23909
0.55264
1.27434
1.53140
0.73947
1.07908
1.03958
1.31882
1.62852
