1.47980
2.03283
2.05714
1.71001
1.47231
0.53032
0.83536
0.72132
0.94975
1.13035
1.49665
1.55643
1.00987
1.39925
1.32160
1.33359
1.63967
1.98046
1.82258
1.33598
1.60885
1.67718
2.25469
1.85556
2.34071
1.63619
1.95905
1.98339
2.41048
2.62287
2.25782
2.55191
2.49983
2.09487
2.03189
3.08115
2.78755
2.23628
2.42497
2.12109
3.15316
2.08734
2.16489
2.04592
2.54020
2.85768
3.14536
3.40263
2.88938
1.87849
3.57909
2.79159
2.82785
3.40783
4.14591
1.93545
2.60413
1.87852
0.48336
1.95543
2.65647
3.23250
3.50400
3.35566
3.29981
3.44429
3.67944
4.27830
4.10627
3.12489
3.24098
4.30488
3.97892
4.27682
4.88582
4.44180
4.82504
4.56443
3.74772
4.85912
4.77932
5.42073
4.58126
4.27625
2.57152
4.12062
4.28851
3.42131
2.99574
2.65697
5.04435
5.51791
2.46490
2.40950
3.90767
3.89763
4.46872
4.55679
6.07265
4.68904
3.90280
4.41123
4.54751
4.33534
3.79887
5.01484
3.27475
3.79384
5.09239
5.61186
6.25826
5.94030
6.53115
5.03799
4.19848
4.32231
4.71550
6.13592
6.83863
5.57633
6.80331
5.24192
4.82126
5.17338
5.04622
5.87961
5.81192
5.28566
5.64413
4.07631
3.18368
4.27994
5.94488
6.55978
6.33478
4.65067
4.10750
4.95695
4.34820
3.58736
4.66259
4.60794
5.04958
6.63204
5.93485
5.27573
5.01773
5.92447
5.95594
6.01124
6.14013
6.85526
6.62822
6.18613
6.35936
7.37072
4.51546
4.93839
5.14141
5.24775
5.80859
6.01053
5.38998
7.23775
6.78465
6.36033
5.05515
5.10743
5.60886
6.24672
7.23843
6.37124
6.57968
7.15805
6.35528
6.41239
4.78936
5.05266
5.85591
6.37241
7.07553
6.31753
6.54410
7.29580
6.67228
6.15991
6.20318
3.64728
4.84188
5.08508
4.32709
5.60928
6.07526
4.73069
5.19161
5.17504
4.91171
4.43873
4.10308
3.85087
3.21442
2.61085
4.08206
5.08641
5.55025
3.63166
2.96481
4.01337
4.05828
3.63751
4.04075
4.63919
4.60951
4.90871
4.01767
6.00222
4.88333
3.95190
3.80232
3.93028
2.95688
4.01614
4.66499
4.59784
4.55941
4.22644
4.86960
3.95656
2.61372
3.65018
4.26563
4.66310
4.01123
3.82189
4.16053
3.98916
4.34868
3.75130
3.67093
4.27828
4.13368
3.60411
3.75965
4.45136
4.34421
5.27159
4.46830
4.18397
3.56028
3.94132
4.07273
4.16551
3.80642
3.86575
3.18526
3.13165
3.39119
3.67605
3.71268
2.97802
3.52767
3.52519
3.63629
2.89938
3.06959
3.70080
2.02097
4.14571
3.43802
3.45701
3.51396
3.15226
3.18341
3.76407
3.63722
3.92105
3.86962
3.36548
4.05949
3.13902
2.84723
3.89642
4.83724
5.22030
3.38224
4.12352
4.56320
4.04996
4.44478
3.64147
2.94990
3.73488
2.94562
2.71360
3.19886
3.20629
3.90132
3.32486
2.97544
1.68016
2.15436
2.71745
2.78084
3.07540
2.50854
2.68751
2.12904
2.47423
2.30869
2.48081
2.63863
2.78618
2.52407
2.53232
1.39486
0.76310
1.89365
1.81988
1.61739
1.70763
1.65621
1.87929
1.99944
2.44510
1.85959
2.32656
1.72632
1.68168
1.85113
3.29829
1.74291
1.50595
1.41801
2.20124
0.68424
0.61535
1.04572
1.52490
1.67342
2.00455
1.15458
1.30680
1.39960
1.18418
1.63614
1.61333
1.59531
1.73012
1.41761
1.65182
1.48792
2.45906
1.55239
0.41872
1.40330
0.72613
0.95712
0.96674
0.83393
1.03474
1.05178
1.41546
1.57970
1.32791
1.50119
