2.19161
2.02736
1.62910
2.40930
2.61338
1.58124
1.01934
1.32427
1.63398
1.88603
2.05522
1.74665
2.04170
2.67786
1.99076
2.10468
1.73621
1.64823
1.96046
2.20477
2.37694
2.17489
1.98378
2.12439
1.76694
2.07676
0.96584
2.26065
1.86971
2.18965
1.78320
2.60572
2.79563
3.15010
0.85302
1.61915
2.06974
2.47245
2.68822
2.68827
2.69169
3.27238
2.72481
3.83554
4.59522
1.13587
1.81092
2.52272
2.41121
3.23178
2.42564
2.56366
3.46713
3.09923
4.02895
3.83702
3.65644
3.20072
3.83776
3.31850
4.32897
4.36197
3.17342
3.42502
4.24459
3.62574
3.24599
3.69383
3.41826
3.00858
3.37776
4.17985
5.05458
5.58064
5.05316
3.50418
2.45089
3.80767
3.24764
4.62474
4.28876
4.54499
4.69992
3.66787
5.11078
5.04894
5.06563
5.08126
5.24934
5.54204
4.53424
4.93408
4.86140
4.92183
3.83257
5.32866
5.12841
5.34543
5.40359
4.13037
5.09896
5.09527
5.55119
6.08220
5.39196
6.98408
7.07904
5.14979
4.47218
6.38659
6.05877
5.37259
5.46324
5.92428
6.11226
5.01521
5.70756
6.50147
5.48792
6.48942
7.96858
6.59817
5.81002
5.50128
5.86185
6.70201
5.82306
5.59020
6.37360
6.52524
5.36398
6.68207
7.68248
5.60473
4.84984
3.76942
4.65345
5.03504
5.19435
7.12640
7.96730
8.82268
6.45601
3.90405
5.30206
6.62340
6.39673
6.30539
6.65960
6.44747
6.25262
6.25178
6.21016
7.38901
7.22965
8.85356
7.16643
5.23222
7.15957
6.71262
5.44645
7.40984
8.02470
6.41796
6.55166
6.49096
6.54914
7.25239
7.48480
7.66163
7.48809
5.65462
5.57803
4.91207
4.76477
5.26751
4.52299
4.70762
5.16020
7.26880
6.56825
6.22305
5.37151
5.70277
5.22069
5.36033
4.48147
4.35870
4.21369
3.66654
2.82214
1.96651
2.15620
3.70258
4.12336
3.28091
4.60586
5.75677
6.02593
4.93702
3.81561
3.88594
3.47779
3.56604
4.06281
4.72018
4.99996
2.78367
3.98375
5.70731
6.44481
6.39832
5.94258
5.61693
4.35891
3.87339
4.08487
4.63472
5.03368
4.37260
3.94407
4.05288
4.87768
5.12565
4.34945
3.93136
3.69778
3.73486
3.59994
4.19762
4.39389
4.45420
5.07245
5.00876
4.81692
5.39162
4.83607
3.42839
2.35852
2.75828
3.70978
3.88535
3.66364
3.07797
3.14589
4.00172
4.15505
4.27083
4.85623
5.42863
3.90348
3.41535
3.40773
3.12889
2.83676
3.56033
4.36923
5.19681
4.99000
4.53128
3.00159
3.11586
2.60273
3.79812
3.91646
3.92198
4.65151
6.16202
4.89657
3.39202
3.64718
4.98751
5.65232
4.78723
4.13197
3.57483
4.23793
5.25366
3.90801
3.08317
4.61515
3.44785
4.75136
4.62856
2.73379
3.99101
3.20630
3.62379
3.91815
3.16686
3.99007
3.27816
2.83910
3.77102
3.77015
3.88819
2.81079
3.55946
2.66016
3.12872
4.19894
2.93599
2.65548
2.24755
3.07708
3.03481
3.46875
3.29665
3.64279
2.80121
2.56609
2.72685
2.10954
3.88312
2.04763
2.20185
2.23705
2.58244
2.31749
2.90758
2.45416
2.26646
2.88441
2.05591
2.62874
2.05752
1.80249
2.36926
2.81557
1.48778
1.86181
1.62956
1.07699
1.54305
1.98849
1.73137
2.58146
1.76541
1.47401
1.63422
1.95797
1.32189
2.05356
1.70082
1.52462
1.76617
1.84035
3.01224
1.20299
2.01237
1.83837
2.64075
1.65363
1.52848
1.85229
1.65675
2.80929
1.62558
1.62898
1.16547
0.81925
0.67600
1.53105
1.83357
1.70059
1.84841
