0.97419
1.31369
1.80216
1.57723
1.25767
1.38748
2.27057
1.93479
2.03319
1.81480
1.83967
1.83097
1.93754
2.47770
2.03473
2.47624
2.87026
2.05499
3.08516
1.84917
1.92396
2.81387
2.44620
2.55466
1.82925
2.48796
2.50403
1.96631
2.85248
2.83051
1.73343
2.44905
1.92274
1.37615
1.64987
2.72748
2.68399
2.63108
4.17228
2.26613
2.25262
2.66822
3.00748
2.64868
3.43001
3.23364
3.78487
3.32566
3.62521
4.02642
2.73484
3.02118
3.19475
3.40640
2.64110
3.35545
3.84526
1.77054
2.85086
3.24076
3.92130
4.03693
4.00713
3.91630
4.36944
5.04333
3.65229
3.41255
3.64246
4.53832
4.05699
3.81853
4.26596
4.46626
4.70204
5.16865
4.78226
4.77962
5.60476
5.99109
3.81493
4.22140
4.33527
4.59400
4.53312
4.32605
4.77377
4.63238
5.40260
5.57945
4.06310
6.23506
6.45155
4.13238
6.02985
5.05664
5.55227
5.80377
2.22532
3.47068
5.10918
5.41183
5.69362
5.68760
4.91530
5.35106
6.52736
6.80794
5.78488
5.61568
6.02486
6.24464
6.29103
6.48259
5.95815
7.15627
6.03135
5.94660
7.73380
6.78935
5.59224
5.80294
6.46819
5.58698
5.04280
5.85153
7.04900
7.55648
7.12954
5.34959
5.41526
5.29723
6.12799
6.39208
6.51553
6.76984
6.02343
5.63134
5.01472
5.53045
4.97862
6.50289
7.10286
6.97230
5.68381
7.04007
7.39952
7.86424
8.47476
6.17223
6.22196
6.64204
7.49268
7.40182
6.62756
6.48941
7.36021
7.49398
7.82059
6.90731
6.24249
6.97334
7.65693
7.41728
7.07427
6.94796
8.56148
8.16369
7.75392
9.72178
6.83360
5.56998
6.36671
7.68717
7.69223
6.71540
5.78933
5.49607
6.19847
5.06875
4.80980
6.89498
8.20807
6.37494
4.72039
5.11959
4.90039
4.99794
5.05529
5.29383
5.03860
2.89013
3.70067
6.60744
6.36917
5.63738
6.30174
5.27783
5.17465
4.55751
5.43034
5.17444
5.64362
3.38343
2.91278
2.79616
4.61390
5.45904
4.66790
4.94667
5.57172
4.52786
4.53943
4.75835
4.85404
5.20893
5.25708
4.69001
4.61182
4.71591
5.60098
4.81546
3.21873
3.89204
4.15772
3.83024
2.56286
3.86251
4.63403
3.43996
4.35405
4.07411
4.19250
4.45703
4.47367
4.97817
5.36369
5.67915
5.10819
4.59149
5.20864
4.55619
4.58793
4.49555
4.40498
4.65832
5.00124
4.14321
4.81467
4.05835
4.75046
2.88777
3.58104
3.86731
3.27561
3.17526
3.27309
2.91813
3.45278
4.12444
3.52121
3.92222
3.82554
3.54976
3.56848
3.32318
3.78371
4.10116
3.58090
3.08155
3.43359
3.40548
5.13203
3.66045
2.91853
3.34251
4.23743
4.23040
3.90239
3.01288
2.91016
3.40197
2.99929
3.79854
3.76195
3.27023
2.68861
3.44784
3.51473
4.39814
3.67034
3.03557
4.00967
2.44888
2.68729
2.91054
3.13464
3.55460
4.17290
2.29927
2.95291
1.97415
2.39291
2.17683
3.52783
2.73467
3.00711
4.00602
2.02612
2.18197
1.35565
1.78246
2.86635
3.10165
1.80263
2.67297
0.76653
1.67770
1.88324
1.73260
2.11613
2.65545
2.36769
2.39972
1.57158
1.81772
2.57034
2.43474
1.37359
2.23728
1.97057
1.69375
2.02914
2.53024
3.15335
1.25336
1.15330
0.87393
0.98658
1.04636
1.17192
1.62024
1.75917
1.58435
1.74592
0.82326
0.49272
1.07633
1.36069
1.79208
1.81404
1.26410
0.94229
1.19730
1.09910
1.11137
1.01574
1.31437
1.61907
1.61667
1.82740
1.80365
1.82576
1.93784
1.78959
