1.75663
0.71579
0.95668
1.07142
1.01578
1.55676
1.92328
2.05116
1.44407
2.18699
2.49074
1.53024
1.56139
1.44700
2.03054
2.30039
2.14406
2.22132
2.31530
2.35756
0.89772
2.03147
2.13843
1.67302
1.97724
0.56266
1.74169
1.93120
2.17460
1.62057
2.08100
1.67472
2.11776
2.49465
0.96326
1.23518
1.81258
2.15459
2.16957
2.36286
0.79018
0.45697
1.50932
1.77744
2.12857
1.68047
2.12309
1.51854
2.34095
1.67673
2.40441
2.74312
2.35291
2.52821
1.89792
1.98378
1.96841
2.34044
2.76217
2.89078
2.94793
3.10793
2.74891
2.06055
1.76070
2.64958
3.44817
3.39988
3.54706
3.81820
4.36652
4.76881
4.31228
3.49494
2.98206
4.13011
3.39482
2.79525
3.76003
3.89816
3.60102
4.50762
3.73697
3.30139
3.84556
3.55295
5.18097
4.45972
4.49187
4.35203
5.02719
4.17321
4.24583
6.30816
4.89227
4.99684
5.05474
6.05615
4.98034
4.59305
4.34483
4.25925
4.62565
4.78602
4.56173
5.35624
5.53653
6.17962
6.25271
5.22520
4.70163
5.00247
4.82820
4.42524
4.00991
4.38146
6.06769
6.39158
4.27870
4.56865
5.25827
5.20336
5.42121
4.20648
6.71007
5.78383
4.60381
4.81974
5.62203
6.89607
5.47239
5.51222
4.89065
5.57584
6.01613
6.57376
6.80215
5.36138
5.46473
5.22668
6.23724
6.18445
6.59296
6.24213
6.21587
4.22615
2.86377
2.88455
4.35355
6.36018
6.06126
6.38963
4.53800
6.24703
5.49085
6.40073
6.68168
6.56480
6.79264
7.26115
5.71040
6.95290
5.83945
4.98151
7.20565
6.60457
7.29118
7.16289
6.97871
4.81054
5.67117
7.96361
7.00175
5.20524
5.14751
5.55782
6.46695
5.43079
6.95911
6.76492
6.79806
7.22406
6.41684
7.42601
6.41031
5.70619
6.89039
6.11614
5.41585
6.19166
6.77469
6.70314
6.55945
6.93320
4.59671
5.25414
4.98332
5.23184
4.51133
5.00275
4.85710
6.79935
5.83739
4.58041
3.81315
4.51114
5.35802
4.47903
6.16146
4.23165
3.45915
4.12239
4.47919
4.22190
4.01863
4.66308
4.74892
4.95506
3.93960
3.88406
3.35327
3.50601
3.85685
4.44489
3.51397
2.74887
3.18869
3.75000
3.92742
4.12417
3.79274
4.25094
4.28241
4.12353
1.83315
3.90761
4.23189
5.32753
5.10737
5.73501
4.71387
5.41947
4.81957
4.13217
4.01361
2.95104
3.17187
3.60039
3.52452
3.98877
3.33833
2.87371
3.85006
4.62643
4.92553
5.18254
4.55768
3.94073
4.65517
4.83565
4.47417
3.39809
4.30339
3.19734
3.30801
3.72807
4.85381
3.79057
4.64212
3.82700
3.93441
4.56609
4.02707
3.61328
3.26738
2.84397
3.18736
3.64901
3.78355
3.10090
3.31371
4.51337
3.65453
2.79013
3.14773
3.44699
2.91888
2.43523
3.99254
3.53418
3.64249
2.57130
2.59830
3.33433
3.16314
2.70572
3.09535
3.63895
2.48048
2.79258
3.06757
2.74822
2.76199
3.46248
3.10994
3.09871
3.20872
3.31590
2.89109
2.23100
2.81755
2.49168
2.94167
3.33337
3.01047
1.86494
2.01968
2.89179
2.39246
2.46617
1.90930
2.47994
2.29596
2.47733
2.27302
1.82165
1.98221
1.90495
2.21542
3.30879
2.71858
1.98407
1.75266
2.23941
1.83283
2.80465
2.78799
1.74517
1.61408
1.81624
1.91949
1.89335
1.63798
1.51313
0.92929
0.80188
1.79525
1.78897
1.66242
1.99797
1.63483
1.43649
1.90028
1.79632
2.11549
1.61061
2.37680
1.72178
1.73147
2.53374
2.31443
2.05200
2.30288
1.93604
2.32814
