1.68789
0.86265
1.52012
1.73794
2.03329
1.93766
1.42104
1.70827
1.97593
2.15933
2.12778
2.24290
2.47711
1.85110
1.69163
1.96810
2.13231
1.73240
2.06519
2.32447
2.24326
1.95732
1.73978
2.48649
2.70467
3.07492
2.30123
2.39296
1.93237
2.48514
2.33274
2.36823
2.43854
2.17679
2.80995
2.39321
2.43069
3.02330
2.60576
3.57757
3.12354
2.60463
2.43388
2.72390
2.70800
2.90995
4.04314
2.36223
2.16752
2.87019
3.84246
3.05724
2.28666
2.93669
1.70265
2.67727
2.34639
3.87759
3.61932
2.78146
3.82051
2.58021
3.76201
4.31947
2.91857
2.63284
1.81429
2.72274
3.03870
3.16469
3.48210
3.55920
2.79032
3.64990
4.48260
4.17560
4.17429
4.67190
3.80102
4.86121
2.83550
2.15752
3.16376
4.02718
4.20946
4.40464
4.64675
3.16213
4.02858
4.56179
4.33940
2.69600
3.40281
4.51357
4.63507
5.28387
5.19711
4.73339
4.46815
5.33539
5.87819
4.67072
4.11248
4.07450
6.32783
4.51505
4.99537
5.77330
5.50031
4.64884
5.13790
6.09122
5.19449
4.92180
4.48275
4.57590
4.96148
5.17320
6.19768
6.78857
5.45620
4.81191
4.58064
5.37911
5.37766
5.89341
6.29544
6.48323
6.73109
5.11079
6.88976
7.51591
5.43318
4.72444
5.22024
7.15172
7.01236
5.76921
5.30717
4.75562
4.76918
5.15865
5.01766
7.06598
6.33042
6.69855
5.81687
5.19938
4.83323
6.06132
6.87893
6.51019
5.12009
4.00849
5.16108
5.99355
5.29366
5.49513
4.84801
4.28685
6.42980
5.66420
5.06018
5.44371
6.18740
7.51444
8.21853
6.84877
4.23114
4.26422
4.06752
4.23981
4.58595
4.64846
4.58771
5.02024
6.24940
5.26885
4.10017
2.72688
2.85938
3.55304
2.94123
4.11403
5.15673
5.25998
5.35452
5.74272
4.66838
4.81747
4.55560
4.68421
4.91342
5.50146
4.02232
4.30559
5.02517
4.75409
3.90158
5.00426
4.11610
5.23306
5.30326
4.16715
4.68267
4.70534
5.32253
5.22387
5.08594
6.23807
4.97102
4.93977
5.36260
4.86297
4.54214
4.35633
4.73041
4.65355
4.44585
2.61526
4.34824
4.26845
4.50366
3.66909
4.19598
4.03452
4.18586
5.21718
4.86333
3.38139
3.83453
3.72896
3.95436
4.22110
4.35415
3.75029
4.57473
3.78190
3.71559
2.88231
2.17892
3.30366
3.72400
4.04534
4.81753
4.20889
4.32399
3.98198
4.36685
3.75029
3.57905
3.90989
4.49666
3.67639
4.25097
4.07419
4.09858
4.59343
5.82545
5.58547
5.02686
3.47830
3.79021
3.12968
3.54715
4.45878
3.76466
3.37653
4.78398
3.94534
3.00291
3.67646
3.53501
3.65991
3.39938
3.83586
2.44615
3.69587
3.10521
3.78932
3.62109
3.37860
2.95850
2.26687
0.85112
2.22157
2.63794
2.60370
2.93475
2.86131
3.14238
3.23505
2.35365
2.50980
1.67513
1.60479
2.08043
2.22354
2.09542
2.68421
1.99559
1.55368
1.99660
2.77627
1.85528
1.92556
2.12726
2.17909
1.73037
1.23443
1.53610
1.14322
1.30809
1.84421
2.04973
1.03438
1.45224
1.68848
1.75001
1.68515
1.65909
1.63989
1.69769
1.75674
2.04071
1.48029
2.35072
1.80491
1.62219
1.74353
1.61677
1.87654
1.80344
1.75030
1.64038
1.94810
1.20420
1.44608
1.67381
1.43887
1.88932
1.63222
2.16186
1.54017
1.41899
1.39543
2.35734
1.21059
1.57358
1.59312
1.73080
1.64756
1.99016
1.44991
2.11614
1.70190
1.50926
1.31946
1.36054
2.19343
1.41861
1.29757
1.47008
1.66098
1.39345
1.52920
