1.47117
1.05706
1.20350
1.30445
1.78641
1.54329
1.44846
1.51794
1.73390
1.21700
1.44251
1.15685
1.47357
1.48571
2.01623
1.86897
2.26131
2.72975
2.12363
2.44301
2.69205
1.76233
1.76802
1.97525
2.60057
2.80399
2.36552
3.24107
1.16780
1.68727
2.02248
2.13187
1.95732
2.34594
2.81480
1.71082
1.82850
2.82753
1.82773
2.15991
2.13328
1.14477
2.26497
2.80849
2.63040
2.74879
2.87192
2.51286
1.90418
2.67614
2.77674
3.40957
3.14220
3.46397
1.27573
1.91697
2.19387
2.28437
2.78182
3.20616
1.97855
3.37823
3.44370
3.50352
3.24632
2.78309
3.23377
3.54603
3.97217
4.06164
1.37432
1.87501
2.68077
2.38507
3.42204
3.76036
2.88993
2.88640
3.30933
3.34674
3.79366
3.83020
4.00808
3.46057
1.87043
2.72767
4.46632
3.47780
3.54648
4.03262
5.99116
3.92686
4.08822
4.85534
4.62656
5.46305
4.37147
4.46199
2.16552
4.22713
5.05758
6.00598
5.30229
5.19789
5.65921
4.46086
5.10168
5.02942
4.98655
5.64217
5.55516
5.12534
4.50150
5.04293
5.13721
4.80739
4.82771
5.19611
2.13105
4.05916
4.61959
3.37624
4.87031
4.91685
3.47941
5.04942
4.75381
6.61689
6.77337
6.07537
5.88617
4.42987
5.52236
4.62451
6.56128
5.66824
4.74303
6.53486
6.32810
5.41989
5.47800
5.46672
4.97108
5.13920
5.45689
5.43755
3.81637
5.97136
6.53097
6.44488
5.00059
7.44775
6.61821
5.71490
5.79746
7.34186
6.87466
6.34507
6.38044
6.26870
6.36631
6.37928
6.99254
7.28063
7.05920
4.95192
5.49943
6.24663
7.11717
6.26876
5.88777
6.44937
7.16532
6.80353
5.90715
5.76981
5.98608
5.92627
5.88456
4.55490
4.84991
6.09036
4.70787
5.81200
5.28168
3.06449
2.57978
4.08038
5.58532
5.69987
5.71863
5.87078
6.02514
4.73493
4.65075
4.48458
3.93385
3.92759
4.05208
4.73605
4.38300
5.35688
4.73563
5.72522
4.59831
4.00389
3.92551
3.37940
4.12577
4.13759
4.00516
3.54672
3.96434
4.50350
4.19361
4.67204
4.11560
4.29873
4.59780
5.01369
4.64374
4.08565
3.79637
3.29054
3.65693
3.63567
4.03937
4.60922
5.27888
3.91714
4.46209
4.53107
4.37170
4.08006
3.14344
3.34806
4.11568
3.90634
3.51369
3.91896
3.39964
3.43590
3.93166
4.71562
5.04767
5.32907
4.77868
4.59518
4.44795
4.41248
2.76302
3.12049
2.97871
2.75148
3.34452
4.43896
4.43837
4.80263
5.06306
3.87324
2.96525
3.05205
4.06813
4.37597
3.53939
3.38190
3.38648
3.72422
4.74339
5.89323
4.23496
4.17489
4.55414
3.97583
3.48056
3.99214
4.35218
4.23587
3.07740
4.92377
4.45743
3.08187
3.87686
3.41769
3.22689
3.57941
3.00497
3.97027
2.77123
2.80354
3.45175
3.07652
2.97462
2.32181
2.68460
2.33270
2.51156
2.87719
3.17214
3.56646
2.06144
2.68816
3.12624
3.10332
2.36866
2.99159
3.07467
2.59290
1.93187
2.07159
2.58522
2.67233
1.91527
1.81312
1.89293
2.51211
2.32797
1.89281
1.88528
1.39978
1.06348
1.18801
1.65309
1.87949
1.80475
1.77921
1.38954
1.72374
1.16935
0.35442
1.29639
1.32663
1.46322
1.21176
0.50730
0.76331
1.00758
1.30003
1.29787
1.29562
1.80806
1.12315
0.65377
1.13108
0.91229
1.18133
1.44497
1.22967
1.21995
1.47391
1.40080
1.48897
1.41682
1.63471
1.84739
1.51187
1.05156
1.21278
1.22329
0.86704
1.15062
1.11172
1.09615
0.55998
-0.00148
