1.21530
1.11675
1.06989
0.57165
0.76408
1.31774
1.57529
1.56302
1.40289
2.00451
1.47832
1.35963
1.51395
1.48825
2.34437
1.74274
0.72273
1.27623
1.59192
1.84597
1.81081
1.51140
1.79428
2.07957
1.56608
1.51618
1.61065
1.73974
2.03006
2.07991
2.03349
2.45550
2.28516
2.88377
2.48208
2.38664
2.44126
2.77796
3.28027
2.97490
2.30799
2.45220
2.47335
0.89720
0.87975
0.23916
1.61240
1.95796
2.41791
3.04284
3.21792
2.54062
2.29370
2.27247
2.91225
2.69379
2.53938
2.91914
1.84753
2.71082
3.14143
3.28751
3.19263
3.11703
1.23421
2.58712
2.91562
3.17999
3.67959
3.89467
2.71851
3.17551
4.02603
4.63598
3.74613
3.17963
3.90339
4.50189
4.35824
4.31409
3.74446
4.70970
3.00008
3.60952
3.21970
4.20640
4.04927
3.77471
4.01213
3.91623
3.49738
4.88035
4.05487
3.99051
4.58760
4.92769
5.03382
5.37347
6.04625
4.61645
3.95041
4.35803
5.54966
5.53306
5.37365
5.70485
3.77545
4.71587
2.16705
4.22776
4.60932
4.20433
4.29709
4.84023
5.67178
5.72238
5.63450
6.08778
5.78427
6.24048
5.60143
6.46872
5.63969
6.83036
6.77640
5.41005
3.56829
4.75204
4.93782
5.18846
6.13222
7.15835
6.50728
6.05896
6.58971
6.08425
4.84666
4.71216
4.67829
5.96868
6.24600
7.84474
6.58447
6.32896
7.06047
6.22143
5.49362
6.30885
6.37147
5.80234
6.23686
6.74303
7.36553
5.89151
5.62160
6.43631
7.47398
7.61670
7.16453
5.69074
5.18374
6.24940
5.40542
6.51386
6.21680
8.66961
8.34965
6.82959
6.61460
6.95468
6.96381
7.12342
6.71067
6.47218
5.71914
5.81210
5.84556
6.26613
6.36417
5.28650
5.70592
5.95985
7.27934
8.16181
6.62701
4.91794
5.50678
7.86273
7.05268
6.80508
6.74646
5.78864
3.86921
3.89033
3.63113
3.01732
3.83859
3.86013
3.61977
3.49174
5.24105
5.56717
6.30391
6.54703
6.14696
4.56881
5.74168
6.28228
5.89610
6.93534
5.43274
5.94903
5.51127
5.14422
6.29308
5.92240
5.20048
5.04810
5.06368
4.47038
4.92148
4.54455
3.56290
4.16093
4.43516
3.00034
1.50995
2.62712
3.35668
2.70093
4.20931
4.67541
5.04183
5.16719
4.85330
4.18341
3.59365
4.10390
4.22681
4.30544
4.16665
4.56962
4.47201
5.46413
5.96442
5.78385
4.91220
4.12111
4.53830
4.23682
4.47306
3.97967
3.70935
3.81733
4.13123
4.38465
5.31532
1.27786
2.73621
3.04342
3.48880
3.50548
3.16520
3.84061
3.50555
3.28825
4.05168
3.47965
4.00713
3.05878
3.46224
4.53593
3.31713
3.89897
3.71827
3.39525
5.18378
3.54811
3.74453
3.97141
3.29652
3.22506
3.19810
4.14194
3.58947
3.85345
3.66671
3.20259
4.04290
3.12147
3.01385
3.37875
3.43828
3.78630
4.51908
3.08225
3.03530
2.76313
3.51475
2.40896
2.90452
3.14965
1.74517
1.86217
1.86691
1.65624
2.69257
2.20844
0.50205
1.56181
1.89879
2.12308
2.66794
2.55927
1.90437
1.68992
1.88215
1.96557
2.64695
1.85309
2.35164
1.95322
1.52238
1.74089
1.85475
1.87162
1.64959
2.18485
1.65683
2.91410
2.47445
1.49446
1.49030
1.37864
1.77084
1.88362
1.48589
1.73967
1.45218
0.89799
2.23957
1.22581
1.36912
1.31117
1.50945
1.74666
2.20948
1.73622
1.51791
2.05395
0.89992
1.08627
1.26191
1.33194
0.87983
0.97864
1.14526
0.87572
1.34160
1.09823
1.25044
1.84157
1.56955
1.88757
2.20856
