1.31627
1.80442
1.91802
1.73932
2.20152
1.79399
1.82899
1.99804
2.78305
1.83545
1.65150
1.57437
1.87038
2.33218
2.11409
2.85438
1.83964
3.04654
2.78678
1.57636
1.26363
1.79947
1.94612
1.07938
1.31114
0.85345
1.51962
1.96469
2.95346
1.86924
2.59921
2.34382
2.16013
3.09580
3.37782
2.99900
2.27600
3.08975
2.97795
3.19418
2.17907
2.46863
3.07887
3.16949
2.22328
2.61009
2.46419
2.86831
2.52607
2.65450
4.44171
2.98104
3.04233
3.66058
3.81133
3.79561
2.72137
3.88653
3.62873
3.61171
3.46229
4.51913
3.18834
4.06069
4.02423
3.68211
3.45984
2.93257
4.00883
4.04722
3.70441
2.30245
3.36019
3.85671
2.73108
2.93411
3.48447
3.79481
4.52123
5.34226
4.80519
4.45543
2.30006
4.04377
4.12882
3.89700
4.81585
4.97828
6.11850
5.11019
5.79656
5.32602
4.83152
4.95841
6.08771
6.65746
5.76396
6.66556
5.79559
5.82209
5.47860
5.93385
6.21247
5.87952
6.01272
3.89649
4.95141
3.99313
4.43242
5.55813
6.72149
6.63587
4.91986
5.22662
6.71729
6.83627
4.06226
3.95919
4.79816
5.50618
6.67594
7.92201
5.97634
4.30320
4.53746
5.62168
6.69543
6.71180
6.73990
6.75460
5.83008
5.26265
6.17130
6.46420
6.97910
7.14020
5.84301
5.62499
6.80285
7.44051
5.64810
7.41200
5.79992
6.05515
5.93034
6.58739
6.35666
5.97063
6.85402
6.79020
4.90613
4.43948
5.21860
6.83613
7.59554
8.62148
7.57600
7.64943
6.71688
6.55980
6.39336
5.96799
6.24992
6.94158
5.84673
8.29421
7.65569
7.89553
6.15034
5.88991
8.61954
7.45995
5.95068
5.18949
5.27080
6.54580
6.04712
6.08712
5.38599
5.52606
4.71637
3.10549
3.84975
2.57374
3.06309
4.17509
6.17221
5.21969
6.32791
5.08936
4.95703
5.41075
5.27644
4.64033
3.80926
4.31396
4.28341
4.31609
3.97408
4.05671
4.33919
5.11101
4.55749
2.98851
1.12188
2.63682
4.30670
4.54755
5.13056
4.38629
4.64873
4.64355
4.03853
5.12694
5.17394
5.63345
4.44052
4.19568
5.13072
5.02968
3.10833
3.56214
3.07481
3.83592
3.18712
1.84450
3.16184
3.51644
2.84828
3.57984
4.47178
4.40159
4.71207
4.95723
4.96962
4.55298
4.60180
5.03914
4.89222
4.39158
4.94840
3.79693
2.71006
2.96019
3.57734
4.39581
4.07106
4.13345
4.30769
4.61579
5.51064
5.85269
4.21276
3.93394
3.77798
4.06789
5.32126
5.16276
4.02436
3.41622
3.38836
3.68064
4.30946
4.14329
4.59246
1.93239
3.00067
2.22798
3.24934
2.51650
3.54408
3.50053
2.22389
2.64264
3.58627
3.68342
3.63928
3.08647
3.56204
4.02742
3.82262
4.54038
3.51634
4.79517
3.74680
3.09558
3.49052
3.78505
4.21241
3.86125
4.08393
3.06411
2.51444
2.64621
3.23666
3.52410
3.05896
3.72647
3.05867
3.16434
2.98017
2.91971
3.01136
3.06119
2.88055
2.89354
2.28064
2.49851
1.95201
2.09036
2.76184
2.44314
2.51921
2.75379
2.62469
2.65348
2.12320
1.92410
1.64587
2.37421
1.66154
2.66526
1.76491
2.30274
2.40337
2.13589
2.35452
1.93033
1.06755
1.80669
1.96668
2.13774
1.71716
1.73237
1.72591
1.83545
1.53353
1.20649
1.64582
1.93826
2.05924
2.08691
2.34932
0.78468
1.52114
1.67105
1.94849
2.40680
1.32915
1.60103
1.65685
1.78184
1.45438
1.29998
1.36760
1.56206
2.57216
0.67183
2.09646
1.73996
1.12774
1.55664
1.57889
0.62550
1.13635
