1.77120
1.94185
1.91122
1.95778
1.82662
2.42100
1.77278
1.52296
1.59057
1.70244
1.87917
1.58846
1.92440
1.92490
2.35440
2.45094
2.11925
2.15904
2.16271
1.80758
1.74150
2.04590
2.32501
2.50495
2.85753
2.64865
2.08855
3.03134
2.16686
2.41488
2.86872
3.16625
4.05993
2.09629
2.60079
3.61813
2.33826
1.45535
1.08698
1.96203
1.95806
1.96405
0.93463
0.62631
1.31232
1.50516
1.99238
2.87522
2.89008
2.51083
1.28593
2.63489
3.18969
2.94427
2.83916
1.80830
1.87209
2.44632
2.47610
2.03950
1.81839
2.31457
2.93153
1.77240
2.66128
3.26961
3.29778
3.58482
3.27443
3.67635
3.57627
3.71801
3.62324
3.36968
2.58319
2.27637
2.70866
3.11068
3.30950
3.55375
3.44004
4.01119
4.63257
4.25732
4.45155
5.75954
4.24114
4.02201
4.29764
4.58145
5.59869
5.50169
4.89318
4.17439
4.90150
4.16693
4.21985
5.36635
5.33497
5.16550
4.38723
4.84637
5.58097
5.45429
4.40021
4.76660
6.12187
4.42347
4.31094
5.36816
5.72694
5.71701
4.78651
5.27429
5.11468
5.33522
5.38688
5.88801
6.46021
5.44066
5.55928
6.09267
6.91564
5.29338
5.54950
5.77157
6.53121
5.75137
6.64285
5.52449
4.65681
5.05173
5.84734
6.28198
7.53600
4.63041
6.19887
6.82706
4.92701
6.25114
5.09757
4.87735
5.57390
6.97569
5.72216
5.20253
6.79277
7.71358
6.04085
5.07142
5.04608
5.37172
6.24498
6.90679
6.40224
6.35798
5.82923
6.29877
5.98030
6.49940
6.89556
6.35892
6.20778
5.20330
4.92338
6.81166
4.92225
4.87231
5.11412
7.54177
7.78311
7.27792
6.91982
7.46440
7.34779
6.20851
5.68265
5.22833
4.55170
4.93373
5.74674
6.65886
7.17413
7.58295
6.90908
7.27317
6.72346
6.44519
7.21325
6.99418
5.51697
5.19467
4.89157
5.45226
5.40805
5.11609
7.20131
2.13126
4.68301
4.80945
5.00072
5.29865
4.52385
5.66883
5.07087
4.70238
4.35119
4.92035
4.71209
3.53239
4.14490
4.09941
3.29892
4.47970
4.91064
5.21151
5.34576
5.41227
4.87961
4.32311
5.36372
5.38865
4.72607
4.23703
4.63403
4.53565
2.77982
3.89297
3.92081
3.91406
3.38516
3.99852
4.26366
4.76103
5.15605
4.11447
3.98976
3.79778
2.46183
3.52574
3.89018
4.18207
4.05954
5.34397
5.89028
5.12448
5.04078
3.60356
3.88518
3.33477
3.36640
3.31088
3.48110
3.61152
4.58404
4.67314
3.89480
4.06094
4.08436
4.90138
3.53233
4.35743
3.49963
3.81982
4.86220
2.53451
1.44334
3.50227
3.67804
3.85283
3.90554
4.08018
3.57419
5.06529
4.30524
4.25545
3.80442
3.26143
3.32219
0.92409
2.93056
1.91605
2.33913
3.13260
2.90772
3.50349
3.80117
2.90655
2.95513
3.89194
3.79018
3.92101
3.47940
3.80118
3.71965
2.68013
3.70025
4.45225
3.29359
2.39605
3.27819
3.87856
3.89857
3.27274
2.89908
3.21825
2.48243
2.25591
2.24958
2.58734
2.23164
2.31903
2.45776
2.68815
0.72895
1.54125
1.06293
1.58890
1.43950
2.24469
1.64770
1.80161
2.14620
2.05024
2.42491
2.51691
1.69679
1.69301
2.32233
2.08723
2.13930
2.48706
1.62459
1.68456
2.32034
1.76506
1.64981
1.81041
2.27556
1.50794
2.34548
1.63825
1.32836
1.87602
2.21557
1.31600
1.37148
1.92141
1.97142
2.00216
1.63999
2.08606
1.82668
1.56560
2.65731
1.87099
1.84382
1.53784
1.73316
0.97387
1.48080
1.43601
1.41594
1.82638
1.24667
