2.53837
2.66841
1.35314
1.91383
2.85549
2.25335
2.62194
2.26722
2.36300
1.88267
2.14553
2.50515
2.61810
2.60672
2.75090
2.01420
1.43306
2.35369
2.93782
1.77150
2.04359
2.11233
2.50928
2.41777
2.77645
2.00142
2.97835
2.21561
2.63853
2.09497
3.24832
2.54436
3.02074
2.60333
2.56172
3.31529
3.10465
2.84641
3.35331
2.21490
2.74886
2.68904
2.83048
3.06706
3.69158
4.73834
3.06116
1.28792
3.03069
3.28942
2.92508
3.32726
2.56237
3.07920
3.05650
2.80972
3.19942
3.59510
3.51196
2.56367
3.72231
4.00590
3.64767
3.45748
4.20219
2.33029
3.29126
3.81311
3.65800
2.50682
2.33618
2.84102
3.95119
3.91297
3.78893
3.66968
4.33818
1.95608
2.81350
3.86432
3.33680
4.39827
3.59354
4.49230
4.37638
3.47624
2.94506
5.10724
3.70586
5.42337
4.30331
3.81751
4.95838
4.15815
5.32797
4.63214
4.49510
4.42623
5.21470
4.65894
5.32013
4.85835
4.90830
6.62189
5.07961
5.14502
5.73393
5.32879
5.66158
5.04759
4.99955
6.75729
6.51219
4.95438
5.07535
6.40812
5.67483
4.47308
5.32563
5.02284
4.79953
5.85249
6.48256
6.59981
6.39353
5.05590
4.99071
5.53857
6.58737
4.92527
5.42251
6.59290
6.41866
5.35523
5.37761
5.67014
4.33512
4.84586
7.06784
5.74373
6.66085
7.74517
5.33021
5.68721
6.65583
7.47631
7.48383
6.88857
6.37647
5.58839
5.24018
5.68275
6.04185
5.42381
5.00614
6.45504
5.97676
4.66311
5.67309
5.22138
6.96465
7.02903
5.81965
6.88029
7.08453
9.25136
7.05954
5.80266
5.37764
6.94334
6.68623
6.08543
4.45378
4.81998
6.46548
5.31245
6.13169
5.68415
5.65115
4.88374
4.61354
5.12523
3.70218
5.64712
5.33058
4.35800
4.25993
4.48164
4.83627
4.51877
5.96520
5.71245
5.74384
6.49587
5.72944
6.53384
5.23046
4.55533
5.23871
4.61355
5.10482
6.90534
7.90591
5.86501
4.57015
4.51244
3.65667
2.21586
2.56709
1.89672
2.93079
2.49236
3.08784
3.81927
2.54988
2.22446
4.22749
3.68232
4.54667
4.67839
4.32944
3.84515
3.75840
4.17816
3.39601
2.80546
3.03416
2.60429
4.42000
4.37030
4.33583
4.43591
4.42601
3.35201
3.88498
3.90393
3.05119
4.08022
5.15077
4.79268
4.41371
3.48862
3.47817
3.66940
3.77148
1.18487
2.22030
2.78656
3.46492
2.47888
3.00518
3.26626
3.52296
4.09625
3.40915
2.50175
3.26651
4.75305
4.30349
4.13279
3.42069
3.90200
4.22820
4.56824
4.91196
2.83368
4.21065
3.77606
3.22499
3.91083
3.52610
2.31627
3.07197
3.06610
3.37440
2.63385
3.57516
3.87160
2.29284
2.54352
2.77164
1.66294
2.74356
3.01577
3.10749
3.30044
3.30543
2.31839
3.11718
3.64539
2.28246
2.65927
2.68247
2.45981
2.95273
1.87507
1.56634
2.28768
3.09225
2.99204
2.72481
1.84956
2.81723
2.54999
2.03923
2.74717
2.07304
2.85482
2.32710
2.67763
2.21846
2.96917
3.13060
2.00448
3.26921
2.48233
2.31685
3.07181
2.49979
1.96693
2.17770
1.98966
3.32175
2.55522
1.79039
1.56721
1.85231
2.31581
2.67326
2.40203
2.09178
2.14423
1.90047
1.74743
1.63027
2.03339
2.11715
1.70021
1.53086
1.90003
2.77850
1.74175
1.18101
1.98347
1.72141
1.55978
1.82227
1.53111
1.69649
2.96363
1.91293
1.56289
1.18516
1.43987
1.48451
1.60744
1.54889
1.88464
1.48592
1.64300
2.86540
0.45887
0.74946
1.24682
1.28992
