1.64816
1.95046
1.87453
2.66026
1.45152
1.41426
1.85680
1.26499
1.36367
1.76737
2.14516
2.10242
2.23472
2.28527
2.64836
0.88615
0.72763
0.93299
1.23487
0.83740
1.18945
1.51188
1.81517
1.90857
2.04949
2.32557
2.15717
2.02390
3.15362
3.47469
1.16590
1.87634
2.50850
2.91543
2.10981
2.72182
3.37459
3.48922
2.57910
2.44632
1.90213
2.55583
2.50805
2.82357
3.70332
3.15694
2.34897
2.45725
2.61658
2.02896
1.67760
1.36873
2.51045
1.97604
1.58531
0.66566
1.16521
1.63957
2.08887
2.64776
2.81299
3.33008
4.25930
4.20832
3.44415
3.60948
2.72393
2.49356
2.56569
3.01768
4.04772
4.32288
4.49994
4.34545
2.61857
3.14567
3.35738
4.46372
3.55791
4.08418
1.74310
3.51138
3.13441
2.04211
3.19543
4.69472
4.13015
3.67597
3.58454
3.87711
4.90162
4.72500
5.45979
2.57192
3.39030
3.98850
4.02386
4.26630
4.78816
5.37511
5.90415
6.20268
4.70808
4.51936
4.58850
5.06373
5.22532
6.00706
5.10318
3.88107
3.65294
4.02465
4.93164
5.38805
4.43564
4.80191
4.55409
4.44392
3.49957
4.75749
5.41423
5.06215
5.29278
4.17942
4.93475
6.10849
5.99323
5.63441
3.15158
3.96673
4.03685
4.62222
4.18442
4.20839
5.41894
5.69870
6.23383
5.63357
4.89196
3.26229
4.53713
5.06227
5.89097
5.53404
6.36602
5.93250
5.44058
4.43312
5.03012
4.29528
4.84727
6.43848
7.08371
6.15741
7.49076
6.54668
3.60690
3.89955
4.30635
4.40094
4.35119
4.74297
4.55972
5.23732
4.65912
6.23385
6.52718
6.51608
6.88975
6.15550
6.29655
5.71070
4.94780
5.24648
4.20358
3.87637
4.96564
4.46013
6.33123
6.74079
5.93622
6.23539
6.62663
6.76195
7.43907
6.86417
7.10614
6.44476
6.66334
6.02455
5.73272
6.45932
6.16086
5.02861
4.72350
4.36946
4.51141
6.06169
4.56011
4.16033
4.05786
5.06539
4.80764
4.62559
4.99037
6.53023
6.20268
4.04684
2.05456
2.82116
3.39349
3.80368
3.81928
4.36615
4.37625
4.65192
4.81600
4.00060
3.99986
3.89786
3.63354
2.61736
2.98807
3.73204
4.43759
5.23277
5.49837
4.91685
4.70013
4.65157
4.98625
3.87394
3.73235
4.17507
3.20522
2.76854
3.37022
3.37555
4.06821
3.97225
4.20798
4.82272
5.66358
5.89137
4.51861
3.68469
1.38866
3.20759
3.50024
3.99523
4.65271
5.26988
4.73067
5.11053
5.52238
5.07428
4.68431
4.40843
3.67374
2.25014
3.44673
3.03206
3.55213
3.61601
4.32562
3.15229
2.61343
2.94150
2.62878
3.28740
3.20341
3.64674
4.03485
3.48229
4.82751
5.63297
3.89153
3.36813
3.11954
3.59853
4.34278
3.08519
2.82384
3.13390
3.48992
3.75616
2.47571
2.63685
2.60373
2.63931
3.48275
3.23609
3.06841
2.40046
2.66870
2.39721
1.97798
2.53928
3.03203
2.27277
3.20284
1.94230
3.37782
1.29524
1.78729
2.50649
2.81732
3.76790
3.22550
2.33992
2.17405
2.21729
3.18680
2.98476
2.15041
1.83567
2.61901
2.90833
2.61572
2.27209
2.54307
1.94967
2.70490
2.58681
2.81122
2.30115
2.26174
1.50831
2.87310
1.85543
1.67309
1.96839
1.94230
1.61519
1.92015
1.92313
1.80266
2.38465
1.50010
1.43590
2.26290
1.72268
1.93812
1.85201
2.62491
2.67248
1.18381
1.00736
1.03865
0.84842
0.50925
0.79590
1.08750
0.95028
1.17070
1.70830
1.63601
0.89879
0.62810
0.65149
0.71817
1.16585
1.34227
1.15403
1.17342
