1.99521
2.17815
2.38463
1.08055
1.23327
1.85784
1.84589
1.82150
2.40523
1.95336
2.10118
2.30685
2.14735
2.02889
2.27922
2.37576
2.26350
2.53319
2.42092
3.20710
2.29249
0.65669
1.14587
2.03877
2.56353
2.98175
1.88131
2.14988
2.59064
3.03346
2.52180
3.12954
2.64623
3.03290
2.85974
3.51297
3.56728
4.00854
1.94622
2.55556
1.70644
1.87650
3.17434
2.71688
2.50970
2.37941
4.00438
2.15156
2.48430
3.02989
2.87976
3.40711
3.06394
3.83232
3.92737
4.43723
4.45093
3.92463
4.06502
4.07829
3.49345
4.08932
4.81311
4.63806
4.63127
4.21357
3.28189
2.74950
2.77917
3.26092
3.74420
3.33206
2.48696
3.48082
3.33568
3.69780
4.11684
3.64658
2.65079
4.81800
5.51558
4.64828
4.08310
4.82353
6.12235
4.32163
3.37338
5.63847
5.46254
4.35993
5.54525
4.63469
5.51289
4.59822
4.22093
5.87517
4.98953
6.63924
4.81876
6.44546
2.85328
3.97233
3.91685
6.21794
6.02900
4.41247
4.58812
4.52005
5.64962
5.87068
5.20039
5.94358
5.88742
6.13227
6.63189
5.62974
5.07155
6.21202
5.48853
5.58535
5.35760
6.76175
5.89446
6.52770
6.79028
6.23040
6.51096
6.83963
6.47832
6.76936
6.54417
6.98527
6.40879
6.39343
5.84890
6.05689
5.67606
6.49446
3.34997
1.91916
1.60392
4.59627
4.55937
4.97028
5.29674
4.46093
4.54998
4.67860
5.01083
6.14885
6.25522
5.85084
5.54297
5.43657
6.84033
4.95864
7.58644
6.66608
6.85584
5.69294
6.74192
7.01199
7.12003
5.19346
6.97031
6.88358
7.14494
6.86699
6.21836
3.50628
4.92739
5.90642
5.25856
4.32819
3.91005
4.28962
4.53209
4.14523
4.09908
4.49647
4.16898
4.52775
3.46801
3.04105
4.41421
5.43184
5.66878
4.32696
4.01549
4.73139
5.93640
5.90829
4.68618
6.32091
5.95404
6.35282
5.97444
5.13654
4.99017
5.35769
6.16248
6.28802
3.97485
3.89306
4.24587
4.46184
5.13183
5.68965
6.34255
5.76709
5.53893
4.63643
5.90863
4.45428
4.21784
4.60507
5.22533
4.55472
7.48037
6.33755
5.65586
3.98666
4.54719
4.41749
2.30376
3.71652
5.32977
5.46206
4.59697
4.65258
6.11808
6.01685
4.89986
3.30160
3.30403
3.29660
4.16035
4.51982
4.88597
5.36224
5.42394
4.98480
5.30833
5.58956
3.40247
3.62188
3.60114
3.11216
3.91347
3.29472
2.91311
3.59456
3.88399
3.71567
3.36029
2.95853
4.16153
4.63969
4.30470
3.79473
3.25677
3.18943
3.83945
4.67298
4.86026
4.92458
4.19516
4.12528
4.25449
3.58159
4.38464
4.70807
5.50074
4.76529
4.84634
2.23033
4.01443
4.26137
3.67892
3.92494
3.39071
2.89884
3.15334
4.14797
3.27456
3.72843
3.52299
3.29411
3.93125
4.46920
3.39669
3.73933
3.81503
3.14389
3.32207
3.10360
3.73912
4.05143
3.22994
5.23419
2.67993
2.62242
2.34662
3.04348
2.22402
2.72554
3.46353
3.05476
2.58780
2.40840
2.61336
2.17841
2.52125
3.27076
2.56827
3.50610
2.41796
1.92654
2.03660
2.46547
2.19211
2.17290
1.86468
1.97325
2.50422
1.99985
2.45640
2.33880
2.46772
2.66708
1.79296
2.27329
1.39416
1.29411
1.70821
1.80505
2.04165
1.28138
1.53840
2.00290
1.60644
1.12752
1.48988
1.82918
1.73014
1.68471
2.01167
1.07345
1.41121
1.80063
1.52643
1.57405
1.93468
1.51472
1.80110
2.70278
1.12558
1.39528
1.65359
1.46316
1.50291
1.41308
1.66880
2.16334
2.03637
