1.94157
2.05342
2.29255
1.01634
1.47371
2.40002
1.82058
1.65605
2.31127
1.49354
1.62998
2.01628
2.40142
2.03736
2.25543
2.14136
1.92207
1.79787
2.47258
2.81581
2.10455
1.75730
2.34549
2.95815
2.69914
2.79620
2.61376
3.17109
3.46115
2.47781
2.85077
2.93616
2.53765
3.43156
2.67430
3.12250
3.57683
2.78866
2.68786
3.55112
4.28215
3.10507
3.41599
3.17217
1.01670
0.28246
0.36371
1.64387
2.17211
2.63244
1.60575
2.39573
2.35757
2.99131
2.33501
2.53341
3.47183
3.82275
1.67472
2.86712
3.45501
3.88339
3.64987
3.17939
3.19858
3.41342
3.38190
3.97142
2.84294
2.73458
3.35073
3.36368
4.09747
3.88875
4.03966
4.26676
3.23582
3.61888
3.97617
4.30676
4.39585
4.90244
3.48719
4.90857
4.53451
3.49496
4.52433
4.65172
4.49524
4.48121
4.48430
5.78668
4.54414
4.84290
5.02574
5.85575
5.59378
6.12967
4.83790
4.80592
6.47970
7.41689
5.89419
4.60774
5.09169
6.75375
6.50225
5.26251
7.07067
5.44371
4.19281
5.04183
5.12621
5.57523
4.66945
4.01620
5.17170
5.15588
7.10003
6.85402
6.76150
5.48458
4.67933
5.65305
6.81943
5.76477
5.96951
6.38319
5.58099
6.90341
7.88913
8.20350
7.14319
6.56063
6.63659
5.59693
7.51397
6.24905
5.79300
6.20986
7.30579
7.05384
6.46813
6.26341
6.15392
7.26942
6.11340
6.26625
5.99139
7.05122
6.91758
6.90734
7.36367
7.06168
6.60616
6.20368
6.27560
6.00138
5.58303
5.39003
7.40528
6.37740
6.28070
6.19161
5.60838
3.24367
3.08089
5.69601
6.40879
6.72247
6.73428
6.96131
7.46878
7.57110
7.11831
6.68770
7.23358
7.13526
6.94850
5.96503
7.13193
7.21275
6.73451
6.87535
5.85587
7.38262
8.27096
6.33234
5.93888
5.09213
4.56623
3.26055
3.50218
5.00825
3.43108
4.00746
3.89452
5.21245
4.92505
5.18719
5.11192
5.20429
5.68781
5.90558
6.20373
5.63378
6.02270
3.72378
4.14058
4.20824
4.90489
4.33402
5.03665
4.86905
5.09040
5.62329
4.76796
6.24737
4.39917
4.13174
1.51966
2.93904
4.31556
4.71933
4.64780
3.90639
4.11406
3.73132
4.39402
5.03614
5.27511
4.27008
2.91817
3.44110
2.44691
1.74377
3.19129
3.56398
4.60956
4.58287
4.86375
3.89362
4.05886
2.78744
3.16625
3.62812
3.43480
3.45310
4.10271
4.26035
4.03444
4.54804
4.72627
3.67288
4.33574
4.62900
4.28665
5.08020
3.97538
4.52946
3.99851
1.47217
3.36960
4.29440
4.72570
3.91359
3.16785
3.15141
4.01170
3.49854
3.97420
3.84623
3.95807
1.61918
3.82788
3.53327
3.89941
4.26242
4.66039
3.69156
2.70575
3.11361
3.40494
3.42787
0.68161
1.77532
1.85850
2.46534
1.89841
2.70263
2.65672
2.32333
3.19846
2.83814
2.24283
0.69899
2.49429
2.80650
2.61881
2.62987
2.70508
3.09184
2.95681
2.71087
2.69377
2.34298
3.02863
2.56241
3.05276
3.00209
2.83642
2.87724
2.82897
2.31761
2.81485
2.54653
2.51997
2.33533
1.99587
1.80675
2.08853
1.87184
2.00541
2.44895
2.00361
1.13364
1.41357
2.37303
1.89616
1.92484
1.71378
2.52773
2.84655
1.96577
1.72237
1.53783
1.25725
1.70141
2.03061
1.88778
0.47754
1.12609
1.46669
1.50093
1.35020
1.86181
1.44373
1.67618
0.98321
1.12674
1.14957
1.76028
2.33005
1.56127
1.82632
2.36219
1.75781
1.83873
2.54013
0.93077
1.41379
1.04924
0.82214
1.00899
1.63260
