1.56745
1.94715
1.00031
1.16437
1.43834
1.47725
1.64307
2.00349
2.08499
2.08400
1.82351
2.34396
2.18165
2.20289
1.82051
1.66744
2.00958
1.06257
0.63700
0.88121
1.38368
1.58669
1.52181
2.12218
2.19170
2.70667
2.82912
2.23610
2.51558
3.05682
1.58048
1.13102
1.39897
1.59440
2.35503
1.64455
2.13392
2.75117
1.08848
1.45620
2.29781
2.57012
1.87247
3.23123
1.75570
1.71764
1.64335
2.37136
2.89079
1.10985
1.89864
2.45579
2.55793
2.89895
3.39336
2.90723
2.60557
2.41924
2.38509
2.43616
2.45564
2.25148
2.86999
3.91258
3.09197
2.57476
3.43076
3.06009
2.07866
3.19472
3.14023
2.83021
3.09965
3.55203
3.45563
3.34696
4.09127
4.35215
3.61524
4.17888
3.42112
3.62555
4.13609
4.30657
4.25464
5.19893
4.38361
2.80199
2.57981
3.33783
3.29570
3.69032
3.96469
4.66189
3.87265
3.17999
3.25603
4.63922
4.77697
4.30379
4.33829
5.57753
5.51592
4.16042
5.40335
6.08732
5.32370
4.88942
4.37630
5.15557
5.95594
5.67661
5.73901
4.08237
3.75057
5.39047
6.08962
7.05245
7.83452
7.08246
5.68757
3.58175
4.29189
5.32776
6.28929
6.35806
5.51786
6.96857
5.51600
6.21778
6.72851
5.59257
6.50391
6.93508
6.64318
4.24282
5.48464
7.07125
7.54723
5.84564
4.84289
5.68566
5.48529
7.71499
7.02034
6.59330
5.73936
7.82898
5.52531
5.44410
6.47073
6.65891
5.10076
5.46380
6.06897
7.20727
6.66656
3.24146
4.38452
5.15001
5.06521
5.98383
7.17320
7.79786
7.73775
7.09996
6.19598
6.42386
5.63229
6.75938
6.27833
6.60308
6.55859
5.73774
5.85703
4.77800
5.61167
6.44119
5.53716
6.03523
6.97671
7.93366
3.70553
3.64530
4.53811
4.34343
3.65729
3.41851
3.16212
3.69437
4.57988
5.02764
5.59388
4.93217
3.85664
2.26611
3.23479
4.77472
5.08134
4.99730
4.75576
4.78967
4.47729
4.69089
4.06816
3.76332
5.19846
5.83076
5.51363
5.20215
5.49089
5.15625
3.68565
2.69514
3.74464
4.61781
5.88971
3.96365
2.90341
4.81399
5.10897
5.91673
4.81541
2.89233
1.35768
2.97914
3.62541
3.95083
4.01470
3.88511
4.53871
4.81995
4.41311
3.93261
5.12974
5.65509
4.92781
4.07566
4.34173
4.20633
4.46614
4.27897
3.58960
3.81998
4.10063
4.74986
4.04866
3.20875
3.48849
3.82360
4.29877
4.22631
4.47589
4.00307
4.68658
3.89246
3.32854
3.37005
3.60153
3.79939
3.56874
3.45834
3.91248
3.78514
2.68351
3.08340
3.14053
3.31317
3.65740
4.69973
4.87744
2.83774
1.82961
1.87459
2.38511
3.60227
4.12619
3.32149
3.10233
3.97739
3.88354
3.98022
2.91511
4.11108
2.94787
3.90163
3.31131
2.91371
3.02553
2.37537
3.67416
4.29980
3.78226
3.28116
2.47768
2.36507
3.06974
3.19795
2.61541
2.89942
3.97890
2.50995
2.02933
3.19446
2.43833
2.65938
2.27658
2.16176
2.52645
3.33069
1.97269
2.36721
2.53215
2.24077
2.50048
2.41220
2.34556
1.94497
1.77898
2.64586
2.12246
2.41703
2.89551
1.85576
1.86710
2.01678
2.31061
1.89147
1.20998
1.88784
1.90784
1.94018
2.31216
1.97868
2.22036
2.28440
2.18034
2.26287
1.77632
2.20303
2.19577
1.98155
1.55120
1.47378
1.80740
1.77562
1.61623
1.34451
1.05386
0.39454
1.33166
1.25787
2.05436
1.23326
0.70617
0.48309
0.71228
1.03037
1.20718
1.34717
1.00647
0.69924
1.55440
1.30366
1.35913
