1.22831
1.13728
1.16965
1.29237
0.75234
1.15322
1.16622
1.20914
1.54688
1.21023
1.32911
1.64195
1.83819
1.86122
1.91081
0.86195
0.83397
1.29935
1.66332
1.82345
1.01870
1.30515
1.33501
1.74477
1.69062
2.07357
2.22901
2.19045
1.85751
1.81390
2.40508
2.22406
2.23446
2.32395
2.87510
2.78420
3.34409
3.26304
2.43281
2.45255
2.20010
1.20902
0.55799
2.63137
2.75127
1.90936
2.89729
2.71044
1.54415
2.28312
2.56093
2.60824
3.14047
2.85433
3.37451
2.21549
2.16542
2.60798
1.68295
1.75797
2.63419
2.89282
3.12026
3.92071
3.87045
2.96975
2.78889
4.24736
4.58647
4.64752
3.57295
2.55361
2.58830
3.66740
2.26932
2.87616
4.05868
2.20995
3.68064
1.71302
2.64870
3.26539
4.67258
4.34824
2.05366
3.47836
2.28392
3.20273
3.80038
4.53298
5.67177
4.10646
4.31452
4.89364
4.77788
5.31479
6.10888
4.98993
3.79626
5.89875
6.92611
4.56363
4.41025
3.69367
4.94300
6.11890
5.95074
4.46598
3.97530
5.71374
5.83491
5.15460
4.97863
4.54112
5.68732
5.29048
6.05332
5.66945
5.09288
3.92509
6.44353
6.39736
5.58518
5.27533
5.55742
5.95621
6.04730
5.33930
6.78965
7.46023
6.32250
4.81006
5.57993
7.20759
5.80783
5.08351
5.96217
6.86466
6.14727
5.36882
6.54561
6.03087
5.67090
5.10936
6.43522
7.26530
7.05492
6.11624
6.46636
7.50002
5.72481
4.37079
3.64169
4.20446
6.12390
6.24385
5.73446
5.46488
6.53636
6.54463
4.09266
3.43730
3.91796
4.76034
5.74864
4.81095
5.15658
5.11758
6.07441
7.70464
6.55832
6.28618
6.34799
6.07674
6.72024
7.35440
6.75578
5.73417
5.07296
4.44808
5.19947
5.22136
6.17409
5.84136
6.34344
5.83719
3.70254
3.64112
4.07949
4.10239
5.44137
6.32673
6.55798
5.64622
3.62954
4.14544
4.38185
4.04921
4.35898
4.79041
3.30324
4.70777
5.56024
4.08564
3.80840
4.13957
4.20315
5.00477
5.87268
3.63872
2.73411
3.88525
4.09209
4.50691
4.69177
3.76283
3.62995
4.05427
4.91668
5.27342
3.92354
1.91065
3.97536
5.41644
5.70723
4.34701
3.32089
4.76325
4.86384
3.50192
3.44940
3.00064
3.95163
4.17623
4.40742
3.68709
3.54191
4.10072
2.85813
3.98002
4.44478
4.25086
5.53499
4.64240
3.61046
4.16610
4.88687
3.39917
3.54520
4.44835
4.43730
3.87640
3.37480
3.59456
3.71677
3.43911
3.37941
3.58485
4.63373
3.05156
2.63235
3.45556
3.44573
2.43197
3.26653
3.66795
3.79957
3.87579
4.95006
3.75437
3.04914
3.08132
3.28080
3.55070
4.12368
5.01360
4.72599
4.27434
4.04344
4.14746
3.71246
4.31915
5.88936
4.95173
3.41516
4.04879
3.63390
2.72554
3.26473
3.96912
3.25089
3.36709
3.03394
2.07305
3.07919
3.09884
2.42124
2.65570
2.86715
1.74663
2.46930
2.90990
1.77314
2.09155
2.19946
2.71075
2.30824
2.22991
2.19177
2.15591
2.09155
2.61437
2.72856
1.31895
1.84533
1.94470
1.94441
2.46728
1.61699
1.54601
1.98122
2.29500
2.13649
1.88734
2.33285
2.55101
2.25452
1.92951
1.85413
1.95926
2.44546
3.85282
2.63574
0.58687
0.83088
0.88889
1.23807
1.38115
1.20212
1.43635
1.85366
1.59899
1.52845
1.63987
1.05226
0.85796
1.10599
1.61491
1.47031
1.07904
1.05552
0.41645
0.63559
0.75621
0.48306
0.85169
0.99299
0.93824
0.56126
0.96573
1.32698
1.36709
1.28834
1.32850
1.22073
