1.38922
1.35903
0.29323
0.55032
1.31880
0.80011
1.08016
0.99402
1.48187
1.56801
0.34228
1.22603
1.17132
1.38142
1.62462
1.40148
1.47221
1.39874
1.09428
1.19691
1.04969
1.54505
1.94511
1.89333
2.11341
1.55700
1.46829
1.98293
1.98981
2.14794
2.21477
1.89544
0.56116
1.05520
1.75438
1.88411
1.60187
0.86921
1.61747
2.03584
1.30660
0.89391
1.88968
1.27681
2.16612
2.15585
2.03266
1.99271
1.99939
2.52477
2.47820
2.96826
2.81491
2.74326
2.90219
2.73194
3.13200
3.38922
3.19435
3.25850
3.03631
2.00796
1.39447
2.03281
2.75709
3.34291
3.32588
2.35870
1.66177
2.42382
3.07128
3.22547
3.41854
3.55884
3.95661
3.99677
3.27258
3.15830
3.24109
4.56817
3.30266
3.54122
4.05101
3.56001
4.22930
4.85342
1.67014
2.63880
2.77227
4.08959
3.56867
3.26369
2.38048
3.48523
3.19017
4.11387
4.07790
3.75595
4.29642
4.74922
4.79659
3.92954
5.26769
5.02513
5.07495
5.08542
1.94770
4.68773
6.54934
5.65530
4.89494
4.62415
5.40256
3.84216
4.57599
4.89217
3.93683
4.62674
5.76347
5.65790
5.20871
5.34870
3.50732
4.19386
3.98868
3.88632
4.95133
4.62100
4.67394
4.49821
5.14833
3.82329
3.77403
3.92893
4.18238
4.65621
4.51884
4.76261
4.70574
3.67777
4.55859
4.47567
4.79684
3.00264
3.13689
4.02137
3.79201
4.44995
3.20449
3.60377
3.49588
4.57156
5.77894
5.40066
5.90025
5.84405
6.72751
6.22249
4.23142
5.24522
4.51402
5.44888
5.93699
5.49657
6.35500
7.36492
6.93773
6.26203
5.87179
6.26031
6.58551
4.17601
4.58938
4.70152
4.44218
5.12438
6.04561
5.77738
6.36961
6.26561
6.47401
7.76938
8.36327
6.05417
4.22991
4.40010
5.06126
5.48403
5.74860
5.76900
4.59612
3.06534
3.54968
5.82733
5.80662
5.51064
5.88867
6.19637
5.43809
4.91403
5.04031
4.51881
4.15062
3.75269
3.11749
1.80341
3.44420
4.75798
4.60861
3.83124
3.35439
4.00466
3.56461
4.05098
4.87933
5.02178
3.64148
3.70810
3.59357
4.05760
4.25851
3.87033
4.76421
4.74864
4.68684
5.13790
5.19686
4.61942
4.83156
4.98192
5.33729
5.15836
4.01760
4.00148
3.19936
1.97243
3.45549
3.89503
4.62039
4.24595
3.81504
1.72465
4.35827
4.22577
4.81291
4.40056
4.17541
5.73287
5.36327
4.84407
4.13266
4.57695
5.04736
3.80274
4.79744
3.93724
3.26343
3.51606
2.86039
3.46614
4.46992
4.08544
2.91138
3.16738
3.01151
5.03467
5.53579
4.07179
4.77393
3.89426
4.14264
5.87876
5.77070
5.43307
5.14398
3.66503
3.32879
4.21901
4.04340
4.09386
3.60520
3.28626
3.72084
2.75340
3.07850
3.19412
2.77569
4.06193
3.47263
3.04481
2.37532
2.58247
2.77090
3.04110
3.31573
3.23093
2.99065
2.88076
3.42066
2.57032
2.60479
2.20447
2.64048
2.88319
1.94916
2.63375
3.48470
3.30594
2.30419
2.30274
2.01468
1.81951
2.41463
2.71277
2.99775
2.11604
2.24602
2.26315
2.19670
2.03409
2.32865
2.25140
1.96384
2.03517
2.91830
1.84348
2.41310
2.03304
1.96766
1.69011
1.93740
1.85792
2.21187
1.73537
1.74408
1.51246
2.60822
0.84353
0.55961
1.00590
1.19916
1.58706
0.81807
1.13394
1.59445
1.95691
0.49765
0.76157
0.95056
1.39208
1.11781
1.42644
1.90714
0.97725
1.13324
1.19918
1.32524
1.49756
1.44914
1.52127
1.44861
1.32500
0.54988
1.13198
0.85466
1.49176
