1.29979
1.88824
0.70264
1.31825
1.69827
0.58439
0.68045
0.85121
1.03216
0.68011
1.45520
1.68325
1.33186
1.34372
1.22553
0.96968
0.93253
1.02785
0.72947
1.38252
1.72765
1.89688
1.97914
1.74517
2.00393
1.78205
0.96611
1.71071
2.02114
1.87429
2.30701
2.03659
1.87978
2.04908
2.14341
2.34852
2.54398
2.57365
1.79931
1.71331
1.65062
2.00671
2.27111
1.31092
1.14113
1.65320
2.11889
2.44626
1.24024
2.11396
2.06258
2.17723
2.32661
2.61847
1.41093
2.41125
2.88300
2.45742
1.09945
1.81532
2.27068
2.88511
2.53388
2.98498
3.18704
3.18658
3.56259
3.74177
3.83616
4.02311
3.73533
3.06059
2.75638
3.94777
3.97201
4.53890
4.52338
3.61329
3.74302
3.31087
3.10484
3.32780
3.63113
4.36541
3.42785
3.23748
3.79993
1.90169
3.52993
3.94537
4.16427
4.91467
4.57640
4.17760
5.74723
4.77111
4.57519
4.11973
4.28917
5.33395
5.49137
5.47001
3.49172
5.06834
4.20684
4.57635
4.81908
5.76139
5.46649
4.74067
4.44017
6.42633
6.78249
5.81058
4.24653
4.53485
5.30418
5.11915
4.36847
6.50183
7.26835
5.16367
6.14872
7.44227
5.96978
5.24398
6.08920
7.05482
4.98876
6.67032
5.24088
5.10418
5.72426
4.80075
3.99485
4.72421
5.17595
4.92993
5.30582
4.95403
6.39905
6.13485
4.16110
4.55673
5.14126
5.73927
4.12962
5.33971
5.89542
5.09177
6.86266
6.69615
7.66683
6.89768
6.93885
7.98541
6.67677
5.63266
5.73581
5.59216
5.31955
6.04586
5.96675
5.56582
5.89726
6.28738
5.60709
8.11220
7.10425
5.30846
7.23666
6.74871
6.62082
6.22006
6.44002
6.07409
5.82614
5.41985
5.33479
6.71871
6.21661
6.26136
5.10775
5.19375
6.23172
5.66448
5.83722
5.37427
5.57053
3.93001
2.85407
2.31090
2.30212
2.53867
3.56626
3.83221
2.86150
4.51810
5.61519
5.85147
6.05654
6.06558
4.14802
5.10559
5.93899
5.67944
6.06775
5.06885
5.44535
5.00192
4.08652
4.57158
3.70292
4.42501
3.68303
3.77884
3.72340
4.12073
3.83451
4.03165
5.27484
4.68155
4.61944
4.57706
4.13041
3.58322
4.43080
4.51885
3.98641
4.23554
3.68146
3.57068
4.22397
4.00234
4.79668
4.02262
1.42253
2.37136
3.24727
2.51448
2.39457
2.95796
2.19894
3.78800
4.05392
4.75273
4.50761
4.84900
4.43699
4.57136
5.11708
4.64391
5.26250
4.06017
2.70613
4.69015
4.05349
4.86430
5.21994
5.23943
4.35705
3.44557
4.03879
4.09523
4.65467
3.29551
2.63270
4.64034
4.11600
5.10557
5.03550
4.26701
3.15681
4.14248
3.64577
4.08972
3.43661
3.80365
1.50614
3.52444
3.63272
3.02431
2.87747
3.60082
3.77068
3.19127
3.66034
3.95740
3.57081
1.64162
2.58115
2.16940
3.17833
3.69587
2.93864
2.92291
2.85083
2.23622
2.80450
3.17630
2.28049
3.00133
2.39317
1.95370
3.01236
2.88564
2.42919
3.34427
2.97677
2.18073
2.37081
2.19827
2.25175
3.05284
1.61152
2.24124
1.19175
1.60467
0.91204
1.43158
1.39962
2.14806
1.76653
1.96921
1.85488
2.40306
2.42063
2.19317
1.87602
1.70789
1.99585
1.71044
1.79330
2.61882
1.74099
2.05504
1.99422
1.62560
1.66433
2.33513
1.61689
1.46470
1.62783
2.01015
2.09498
2.13662
1.36388
1.96139
1.77844
1.33156
1.55160
1.70075
1.20895
1.25884
0.29594
1.38878
1.86034
1.65788
1.92209
1.74978
1.61705
1.24385
1.54636
1.52719
1.36655
