1.32329
1.36630
1.52737
0.74741
1.04227
1.51278
0.63539
0.76656
1.12220
1.31832
1.41600
1.69248
1.55866
2.23787
2.47867
1.75390
2.17481
1.95689
2.41307
2.61881
2.15146
2.16567
2.55950
2.87362
2.22075
2.19474
2.00409
2.04452
2.63280
3.55307
3.78465
1.71704
1.98703
1.75150
2.11039
2.51178
2.68995
2.79669
3.22320
3.00227
2.71937
2.49186
3.05549
2.97775
3.53371
3.05824
2.99772
3.47385
3.85228
3.40945
2.62364
3.83334
4.48365
3.84333
3.13334
3.30553
3.12586
3.58788
3.70985
3.90643
3.21304
4.07396
3.53227
3.97093
4.41749
4.70720
3.37479
2.27573
3.71806
3.52815
4.35830
4.01702
4.12639
4.35877
3.49710
3.98447
4.34862
4.69670
4.41207
4.05122
4.41499
6.34565
4.70113
3.66128
4.85381
5.17685
4.49336
5.38367
4.51855
3.38621
3.11574
3.74646
4.25062
3.98740
4.34663
5.23673
5.13913
3.98564
3.43287
4.67315
3.56656
3.45147
3.54998
4.10717
5.30838
6.46647
4.94478
4.18093
5.24140
4.67661
5.07089
5.41193
5.64741
6.63311
5.77187
6.27540
5.32780
5.52466
6.35178
4.89967
5.65046
4.30733
4.74446
4.77130
6.50312
7.20697
6.56318
5.43291
4.86222
5.16610
5.50591
5.07433
5.20102
6.11250
5.38316
8.20368
7.06246
5.79493
5.09152
4.69362
6.76887
6.54038
6.61740
6.50098
6.89458
7.26702
5.87256
4.92271
6.52990
6.67404
6.50115
5.01804
5.54975
6.41801
8.06424
6.59624
5.24659
6.89949
7.01257
5.59863
5.40919
4.54386
5.23389
6.43299
6.90456
6.46911
7.22614
6.52340
5.97844
7.20835
6.38402
6.15676
4.18214
6.56885
3.44809
4.74991
3.80731
5.23847
4.89387
5.00828
4.36226
3.26996
3.40002
5.31564
5.80019
5.44118
5.89019
4.49405
4.38367
5.38218
5.74721
6.64017
7.19837
6.88611
6.37006
6.62650
7.09261
5.78009
4.66211
4.66900
4.80187
4.76203
4.75678
4.60272
5.97226
6.29786
5.01303
4.88763
4.54875
5.17658
5.14496
3.56042
3.79722
3.24759
1.83627
3.87568
3.68010
3.19233
4.78152
5.15693
4.32738
2.67282
3.57005
4.26561
4.74397
4.61988
5.45161
5.61221
5.81168
5.65608
4.69096
5.16185
4.15101
3.95006
4.36983
4.83651
4.56502
4.20350
3.60589
4.68845
4.77396
4.91169
5.13300
3.98661
3.36799
3.71042
4.71979
5.55109
5.83279
2.68154
0.98862
2.75081
3.92782
4.08955
3.95577
3.93666
3.79058
4.02319
4.73261
4.21317
3.88073
4.17518
4.05684
2.89944
3.24238
4.86393
3.88666
3.23730
4.65117
3.39925
3.51227
3.15078
3.23156
2.83834
3.61292
3.12343
4.54424
4.10143
4.31942
3.52373
4.85914
3.22696
2.82771
3.47436
4.07157
3.68026
2.85792
2.88627
3.66396
3.87573
3.99071
3.82094
3.18298
4.34958
3.09416
2.96685
2.60135
2.87348
2.43241
3.46132
3.79858
2.70732
2.36620
3.06686
3.50375
2.97581
2.88839
2.61145
2.23937
2.07379
2.17893
2.33059
3.33239
3.50575
2.46868
2.18777
2.34538
2.06560
2.26416
1.99668
2.63381
2.97166
2.55272
2.63985
2.73165
1.77808
1.61163
1.80542
2.37015
2.33221
2.51158
2.94625
2.17364
1.64443
1.44528
2.04454
2.10753
1.14936
1.32500
2.33191
2.14557
1.48360
1.57687
1.48135
1.82180
2.18957
2.09084
1.90175
1.34230
2.48126
3.12767
1.73320
1.28482
1.86144
1.62461
1.05735
0.65430
1.13009
1.93988
1.00914
1.43133
1.45505
1.26908
0.87097
1.18653
0.84454
