2.24081
2.09308
1.73653
2.64355
1.77743
2.39903
2.81202
2.08767
1.59581
1.45910
2.38820
1.61591
1.98575
2.10055
1.91390
1.71602
1.87968
2.32402
2.53243
2.84059
3.40946
2.40198
2.57689
2.23485
2.05762
2.07338
2.77172
2.60612
2.43185
3.02545
2.84076
2.80293
3.42011
2.36673
2.27030
2.51895
2.70964
3.14969
1.84005
2.85628
2.62648
3.47943
3.13992
2.74749
1.82017
2.53093
2.48241
0.86433
2.37466
3.05178
2.59578
2.85506
3.26005
3.91497
3.23586
3.30055
3.83412
4.16454
2.94400
3.23446
3.90831
3.73332
3.00839
3.36471
3.58364
5.24364
4.87342
3.56442
3.60561
2.66731
3.73561
3.67109
4.18984
3.97126
3.59503
4.88122
5.68765
2.08581
1.42557
2.77746
3.65780
4.35990
4.39365
4.71170
5.25141
4.54720
4.33965
4.71801
5.09770
4.73883
5.09150
5.74381
4.81125
4.48080
4.39527
5.29183
4.89595
4.53127
5.00604
4.93814
5.61475
5.72722
4.30822
5.57176
2.96002
4.11671
4.14412
5.07969
6.05734
6.10523
4.89082
5.05903
4.36589
5.84579
5.99074
4.96828
5.60343
5.32636
5.64883
5.63355
5.35841
6.20027
6.11531
5.91082
6.35313
6.64117
6.74327
5.97767
6.01879
3.21541
5.18727
6.33550
6.27343
5.93186
6.18947
7.33512
6.69298
7.21536
7.99895
5.83089
5.16729
6.86249
7.78685
9.14389
8.40874
8.54462
7.39224
5.92553
6.01458
6.50828
6.67355
6.35474
5.63970
7.61687
6.25610
6.78910
6.75354
7.15725
6.87756
7.19052
8.19722
7.00959
6.12971
5.64470
6.14105
7.10260
7.02235
5.03638
5.55545
8.53583
8.53942
6.84361
5.84444
6.20893
5.74164
5.68900
4.81907
4.81712
4.96624
6.27262
7.01674
7.12179
6.57139
6.44204
3.52452
3.25210
4.96834
5.64411
4.38995
5.74707
5.15840
5.50699
5.21750
5.38784
3.85843
3.23039
4.05011
4.28700
4.66450
6.01980
4.83587
5.02509
5.13492
4.00431
4.50964
3.96158
5.61281
5.51577
5.06097
3.51273
3.30764
5.05647
4.30069
4.53816
4.90664
4.69324
4.54275
5.71503
5.57704
4.69985
5.19215
6.21171
6.56247
5.87781
5.17378
6.13900
4.65610
4.62877
4.18087
2.31053
4.12907
4.40767
4.06707
3.31060
2.83061
3.27120
4.42294
4.63917
4.27107
5.09536
5.58495
5.12508
4.43798
4.12043
4.72770
4.39633
4.90437
4.34016
3.79182
3.63228
2.49440
4.12119
4.30355
3.93225
3.21082
3.15101
3.62192
4.70564
4.01731
4.84780
5.00675
4.47419
4.17470
2.96082
3.56651
4.77744
5.09391
4.30104
4.24830
4.11260
2.94035
2.15160
3.25020
4.61923
4.65863
4.96743
5.22167
4.69702
4.32532
4.33701
3.21423
3.74877
3.61463
4.20344
3.91072
3.89194
3.15288
3.98226
2.91399
2.93719
4.00481
3.34724
2.55564
3.66494
3.54449
3.12633
3.29504
3.82996
2.96385
3.85150
2.57937
2.41486
2.92294
2.98594
2.57682
2.94903
2.79727
2.06891
2.85592
2.41014
2.10397
2.32052
3.09969
3.02850
2.02780
2.02361
2.59021
2.37584
2.21555
1.63634
1.77450
1.93674
1.90137
1.60293
2.34057
1.87928
1.87984
2.99190
1.99864
2.54830
1.75875
2.29418
1.72504
2.16295
1.79637
1.81056
2.45786
2.33334
1.94238
1.64244
2.52655
2.19475
2.10024
2.59247
1.55201
1.52879
1.92863
2.53120
1.30839
1.11785
1.18808
1.33694
2.19656
1.43885
1.67669
1.78829
1.84195
1.68596
1.98900
1.07205
2.17136
1.67736
1.15961
1.87820
2.26686
0.76488
