1.41097
1.35314
1.45463
1.80654
1.82568
1.52468
1.45634
1.81690
1.70748
1.80681
1.51398
1.73293
1.84191
1.94364
2.34080
2.27023
1.91982
0.53486
1.22125
1.00791
1.51703
1.55025
1.78511
1.97075
1.98251
2.44638
1.87196
2.19916
2.44963
2.36822
2.49768
2.04437
1.95096
2.05295
0.34487
0.90167
1.74655
2.02541
2.37769
2.61447
2.89393
2.82732
2.62191
3.55301
3.10602
2.45213
3.33245
1.73295
2.62744
1.71761
2.53831
2.74303
3.17702
2.66584
2.44210
2.35796
2.18131
2.65904
2.82026
3.64194
2.85616
0.51936
1.28136
2.24142
2.93437
3.15544
3.69493
3.29629
3.74122
4.43213
3.48028
3.37253
3.06099
3.42410
4.21956
4.34299
3.64748
3.70850
4.42130
4.06609
4.22208
4.51208
3.86998
4.88304
3.99663
4.98464
5.48619
5.83792
3.86251
5.70123
4.40350
3.85121
4.24082
4.31564
4.59158
4.30989
4.40677
3.84128
4.96865
5.49016
5.04124
4.25703
4.81745
3.21968
3.80005
3.68829
2.86650
2.96227
3.54612
4.27994
5.16102
3.79356
4.00333
4.77233
4.60321
4.72414
4.78579
5.16663
2.32948
4.69572
5.78166
6.33183
4.89953
4.80533
6.14636
7.32343
5.78661
5.71638
5.12583
4.66633
5.42562
6.17225
6.19854
4.62410
5.75025
5.38120
4.93953
6.24207
4.16243
5.00171
6.63678
6.24495
4.80714
4.99849
4.27044
5.07004
4.70706
7.02963
6.12835
7.75163
4.82013
4.96016
4.87837
5.39514
6.45133
6.65157
6.10012
7.42696
6.27621
4.95746
6.04292
6.10639
7.48073
7.46771
5.99788
4.83203
6.77609
7.00728
5.56809
3.76946
5.16157
5.77166
6.87259
6.77885
5.52037
3.86646
3.18388
4.24821
4.04776
4.30099
5.35303
5.42035
4.96294
4.26255
4.88349
3.98051
4.22677
3.82944
4.73971
4.99997
4.77562
2.88908
3.83169
5.05479
5.21179
5.03622
5.43921
4.89656
4.11754
3.55100
4.36635
5.25213
5.31624
6.03556
5.13346
5.15913
5.02554
4.42706
4.58276
4.45776
4.02603
3.55308
3.82224
3.33464
3.19596
4.24785
4.24362
2.61489
3.17087
4.08415
4.35392
5.02272
4.67535
3.83631
4.01019
4.77075
4.98662
3.90018
4.41273
4.78664
4.23448
4.29578
3.38666
2.26526
3.60129
4.39730
4.70335
4.55326
4.00128
2.98373
3.63403
4.32408
3.99300
4.36442
4.25085
3.99025
4.98937
5.48372
5.08384
4.77149
4.21047
4.99948
4.46605
4.44162
2.39238
3.36380
3.62428
4.67951
3.87134
4.35330
4.18031
5.34727
4.17391
3.01920
3.77071
4.19118
3.97551
2.87727
3.13838
3.63171
3.55909
4.43297
4.00745
4.40484
4.33109
4.62403
3.74143
3.67941
3.05264
2.67212
2.97120
3.46878
3.23214
2.87714
2.56298
3.03370
3.10409
2.10663
3.17459
3.41123
3.17012
2.85924
2.37337
2.23431
2.46314
2.46467
2.89310
2.67603
3.02676
2.85034
2.27808
1.98550
2.52543
1.32723
3.26050
3.64157
3.16175
3.15372
3.09812
2.06321
3.43121
2.93962
2.79205
2.29007
2.75764
2.83101
2.03983
2.53748
3.66824
2.36015
1.65398
2.91750
1.75491
1.85283
1.87966
1.88489
1.58349
2.14531
3.30667
1.67998
1.00129
1.41609
1.52413
1.80859
1.87301
2.21949
1.92454
1.90359
2.32880
1.66933
1.72138
1.42709
0.42477
0.94315
0.66920
1.16270
1.53997
1.45988
1.96198
2.33657
1.83024
1.84246
2.06278
1.72888
1.31037
1.68700
1.70432
1.82625
1.69886
3.06797
0.97292
1.03390
1.55980
1.38186
1.12967
1.77633
