1.17949
1.37865
1.38528
2.07803
1.49758
1.40307
1.96466
2.13141
2.27937
2.36547
1.58442
2.05414
1.76570
1.53047
1.76463
1.62249
1.50887
1.18009
0.69083
1.29928
1.22503
0.28497
0.64703
1.35029
1.28844
1.42236
1.77093
2.03387
2.23779
0.90426
1.16700
1.28595
1.66674
2.12985
2.49920
2.85433
2.42649
3.12779
3.26030
2.93352
2.41171
2.53744
2.54819
2.41360
2.06483
2.54186
2.77615
3.76274
2.79148
3.28169
2.13894
2.42131
3.43450
2.66904
2.85640
3.49670
3.64057
4.21111
2.84527
2.88017
3.21095
3.38716
3.87091
3.31637
3.70761
3.93351
4.51773
3.16987
4.28738
4.12074
3.52697
4.98170
4.79315
4.27009
4.91439
4.10752
5.20255
4.74538
4.84660
3.77155
3.29859
2.66463
2.78836
3.73078
4.17533
5.76418
3.91264
3.58120
4.20952
4.08013
4.26394
5.10658
4.32092
4.75788
3.32927
6.16267
4.18788
5.44663
4.50386
5.04248
5.75019
5.94975
3.39856
4.38905
6.42340
4.35236
4.57104
5.32593
5.84370
6.63328
4.53567
5.33274
5.94675
5.14391
4.73635
5.39329
4.79540
5.18304
3.93595
5.13034
5.88866
5.52140
6.43285
7.13371
6.54588
4.81975
5.12938
4.15884
5.25302
4.62447
5.44488
6.15127
5.47503
6.25442
5.82075
4.50974
4.80355
5.22315
6.15799
6.84137
6.91903
6.54336
6.08318
6.10793
6.08355
5.02707
6.22711
6.75312
6.80432
5.67908
6.34633
5.78670
5.70832
6.23018
6.29129
7.60010
8.62440
6.61896
6.45061
6.70729
6.07469
1.64642
4.79541
5.46223
5.97795
7.27131
6.44985
7.14087
7.29564
6.35663
6.59633
5.70387
7.00662
6.68438
6.90009
7.09560
6.47731
6.13142
5.91808
5.83654
7.62591
8.36897
7.51990
7.96050
6.07153
6.95441
6.36273
4.98491
6.94466
6.34101
5.11462
3.89614
4.50581
3.99694
5.16388
4.65731
4.26522
4.82993
4.94350
5.67024
4.45478
3.03519
3.31553
3.95093
3.68521
2.72071
4.42239
4.04200
2.70642
4.51264
4.25706
3.00921
3.78243
2.77009
3.59278
2.99321
2.15863
2.59250
3.36592
4.03635
4.86836
4.50725
4.97185
5.62136
5.42083
4.94190
4.68418
4.82322
4.75156
3.96496
4.80810
4.77058
5.47299
4.77605
3.99677
3.61823
2.60087
3.96924
3.85558
4.81193
5.14498
5.34705
4.68329
4.69669
5.65456
5.28911
4.13785
3.93174
2.32100
3.68627
3.90903
3.90680
4.46836
4.44278
3.94400
4.59547
3.98277
4.27560
3.05031
3.65441
4.03188
4.62369
4.40972
4.09593
4.10376
3.85767
3.74478
3.14524
3.21699
3.95806
4.96476
5.08948
2.92419
1.55178
2.94561
2.91781
4.08232
4.51293
4.33460
3.02480
4.78970
4.62903
3.77425
3.74666
4.62385
4.26705
3.14644
3.14488
4.53339
4.09435
3.52839
2.93459
4.49106
4.58930
4.03507
4.10969
4.49658
2.83867
2.53176
3.21792
3.96621
3.80089
3.57205
2.64804
2.36579
2.30672
3.10531
2.45885
2.66310
3.14054
2.29717
2.10904
2.89763
2.41652
2.90717
2.27671
2.12173
2.22787
2.76559
1.87350
2.59228
2.01905
2.09575
3.07989
2.71973
2.16691
2.05132
1.08369
1.35522
1.30703
1.38579
1.83115
0.76112
1.03376
1.26780
1.39488
1.61605
1.58069
1.99120
1.93102
2.01344
0.79890
1.45424
0.50169
0.73636
1.00935
1.30028
1.43913
1.24714
1.34378
1.73153
1.56452
1.74788
1.64025
1.19043
1.35788
1.52049
1.69853
1.97956
1.46942
1.66757
1.05950
1.70053
1.72539
1.88707
