1.37338
1.82682
1.84144
1.63864
1.63311
0.96809
1.17369
1.98065
0.75926
1.08092
1.98973
1.08925
1.14784
1.26743
1.76064
0.49661
1.02190
1.16739
1.46317
1.36494
1.95755
1.36419
1.75455
2.01202
2.02667
2.33647
0.69428
0.70632
1.08360
1.41988
1.62098
1.99206
2.02053
2.29193
2.60298
2.56932
3.21011
3.42318
1.19461
1.74461
2.25769
2.71308
2.98640
2.44079
1.62868
1.56351
2.09412
2.37484
2.93957
2.83499
2.91826
2.71128
2.83102
2.39414
2.21487
1.55450
2.75264
2.17423
2.40406
2.06722
2.09931
2.49231
3.23833
3.02465
3.83366
0.93442
2.22671
3.08110
2.51474
2.05051
2.77630
2.70951
3.44161
3.35778
3.15323
3.73562
3.53528
4.13744
3.78515
4.51301
4.25572
3.97151
3.54871
3.66381
4.43640
4.39713
4.83734
4.82452
4.34639
3.74954
4.81984
4.75999
4.46186
4.62189
2.94782
2.06138
4.17901
4.15845
4.69381
2.37767
3.61978
3.90091
4.46249
4.62253
4.11219
4.33423
5.30183
4.26124
4.85396
6.84665
5.99808
4.01070
4.70138
6.12375
5.39202
4.51261
3.27159
5.34984
5.57517
4.52748
5.16864
6.65328
6.29666
5.37775
5.45203
4.88280
4.52312
5.11772
4.70838
4.52814
5.43439
5.53773
3.98940
4.40252
4.96925
6.03927
6.97301
4.70355
3.99453
4.39658
5.74702
5.66071
5.26208
6.76415
6.60671
5.50987
6.48067
6.88791
5.27181
5.26678
5.62108
6.89626
7.46346
8.08953
7.44717
5.89694
4.96794
5.56143
5.31906
6.00843
6.62811
6.00367
7.69575
7.48140
5.01197
5.51330
5.02632
4.21132
4.73583
6.53418
4.95877
4.28189
4.86834
4.11707
4.90558
3.77093
4.74314
4.95950
4.42093
5.87657
5.12453
4.93813
6.96361
4.88291
5.77810
4.10226
3.57159
3.65877
4.30522
3.62623
3.08633
4.29325
4.17120
4.63756
5.03474
4.64687
4.50955
3.78287
3.83229
4.02866
4.36467
3.96759
4.24377
4.53483
3.68172
3.64152
4.33689
4.13565
4.14438
3.58471
3.91201
3.58501
3.32360
4.97922
4.76733
4.45604
4.38875
5.17171
4.91997
3.03599
3.03468
3.32730
4.15693
4.46020
4.43762
3.48641
3.28159
4.29114
4.62169
3.32258
4.13651
3.39425
4.39774
5.07187
4.06922
4.09123
4.07568
4.47008
5.30981
4.11133
2.90840
3.73677
4.37958
4.57270
4.62087
3.96476
3.92471
4.81945
5.79021
5.32515
4.84543
5.02931
5.49895
4.91784
4.66497
2.25096
1.64724
3.28449
3.37721
4.23768
4.20184
4.42710
4.37590
4.28904
4.17948
5.24771
5.58019
5.26882
4.01821
4.30129
4.66573
5.96959
5.19993
4.29595
3.31664
2.75795
3.49643
3.27119
2.77886
2.97791
2.70372
2.97581
3.01207
3.20407
4.56586
3.85000
3.25940
3.03655
3.92408
3.65468
3.52828
2.78860
3.24202
3.39660
3.41002
3.44527
2.59754
2.76824
3.72027
3.34035
3.21912
3.06056
3.25242
3.55712
2.60540
2.46002
3.34073
5.15762
3.01857
2.04769
1.91155
2.60410
3.01873
2.19016
1.96269
2.54877
2.39705
1.95995
1.79064
1.65961
1.87753
1.67600
2.35603
1.69547
1.78918
3.28598
2.67775
2.20111
2.43202
2.06361
1.94903
1.60608
1.77533
1.68250
1.48098
1.66007
2.37445
1.40646
1.23894
1.55329
2.03475
2.31265
2.01974
2.39140
0.83428
0.38623
0.65259
1.44593
0.61524
0.92393
1.22514
1.53496
1.63600
1.78666
1.79337
1.37619
1.45557
1.50138
1.34564
1.36047
1.96902
1.92799
1.75394
1.85910
1.68612
