1.35864
1.03091
1.49760
1.57439
1.05343
1.30672
1.16975
1.03229
1.24606
1.66572
1.97716
1.49575
1.87470
1.63487
1.56534
1.85338
1.40467
1.48733
1.99767
1.80236
2.00494
1.98940
1.56666
1.91864
2.13247
2.00925
2.26774
1.96630
2.34317
3.02589
2.07535
1.98705
1.78642
1.67912
1.82904
2.77777
2.68008
2.74374
2.79833
2.88566
3.79288
2.78413
2.25593
2.61234
3.86042
2.79183
3.08944
2.70836
2.48785
2.30898
2.37319
2.40969
2.85842
2.65727
2.93936
3.88664
3.24480
3.04678
3.22604
2.63585
3.33888
2.71686
3.65640
4.59741
3.22536
2.85783
2.94139
3.52407
3.90007
3.08682
4.28638
3.63103
3.89695
4.33933
4.09519
3.94763
4.69281
4.62713
3.76059
3.70895
4.87911
5.81880
4.22278
3.67571
4.78496
5.59807
4.64850
3.69643
5.01233
5.13519
4.76119
3.63320
4.04700
3.94008
4.28146
5.42331
4.36652
2.25846
4.11461
5.20847
4.66830
5.55612
4.81475
4.67233
5.69250
5.26650
5.09240
5.73786
6.27314
6.36121
5.07835
4.51636
4.29209
4.77084
6.07800
6.97610
3.66026
4.85120
3.90006
4.38828
4.95370
5.42394
5.75628
5.09366
6.22272
6.52823
5.72714
5.18306
6.10527
5.20730
6.53805
5.38263
3.72382
4.80376
5.89442
3.57048
3.98858
4.52632
5.81915
6.20110
6.51508
6.87067
5.81911
5.57111
5.93934
7.15074
6.74758
5.42942
6.66255
6.85423
6.17760
5.03232
5.28574
5.62464
5.67889
6.34194
6.30910
6.17261
7.10989
6.44462
6.07035
7.06312
6.86937
6.75902
6.35547
5.38131
4.08106
5.29262
5.54632
5.04710
3.62867
4.87126
5.45326
5.14146
5.17879
4.32938
4.01243
4.35600
4.03138
3.53245
3.07126
4.10368
5.22664
5.41879
4.48385
5.99150
6.03833
6.75797
5.56223
4.67400
4.21701
4.81962
4.69968
4.87082
5.07304
4.40473
3.67372
4.44935
5.08494
4.66354
4.13256
4.04073
4.29288
4.03373
3.77676
5.24605
5.84467
3.76859
3.26182
4.05362
4.47463
5.02613
4.03333
4.49564
4.34791
4.78976
4.02120
2.88109
4.63362
5.42876
4.43934
2.82133
2.49206
3.29997
3.69245
3.68028
3.92005
3.59623
4.14260
4.40044
3.64870
3.58689
4.01482
4.02938
4.80325
4.73067
4.01437
3.32737
3.45094
3.83860
4.08674
4.38040
3.94931
4.88681
3.47827
4.38860
4.99993
6.40766
6.84080
5.70551
3.74176
4.10784
4.10882
3.14021
3.09688
3.95932
4.45121
5.30474
6.39875
5.08709
4.94845
5.73495
4.79619
3.98852
3.14797
3.16738
3.80566
3.83126
2.66849
2.74551
2.95795
3.05580
3.17132
3.65169
4.28343
3.68788
1.88927
2.83870
2.16662
2.71239
3.63494
3.31616
2.76705
2.93800
3.21295
2.09905
3.18334
4.18083
4.34958
3.11091
3.64879
2.37918
2.96421
2.28016
1.74787
1.64745
1.69966
1.75372
2.25576
1.44085
2.39511
2.35775
2.28751
2.77678
3.20542
2.68620
2.36269
3.14037
2.13579
2.51934
3.20250
3.60927
3.06141
2.31252
2.16645
1.98561
2.46214
3.11066
2.27072
1.78236
1.64879
0.86489
1.49800
1.30258
2.10634
2.23124
2.25750
0.67027
1.40930
0.79964
1.51750
1.35800
2.00954
1.71912
1.74809
1.40734
1.61939
1.92193
1.07855
1.25609
1.56735
1.68285
1.61140
1.29025
1.70148
1.23698
1.25160
0.42179
0.39506
0.42449
0.62911
0.85000
1.00184
0.23169
1.09531
1.26017
1.14459
1.00789
1.66027
1.27064
1.23012
0.88295
1.69723
1.21900
1.31742
1.63543
