1.12014
1.44268
1.38687
1.11004
1.38653
1.66623
1.77620
2.12083
2.03453
3.07246
1.75777
1.34727
1.37287
1.59092
1.49374
2.01963
2.40629
1.81647
2.15541
2.19784
2.19337
2.14603
1.90811
1.13291
1.78397
1.16927
1.10704
0.95116
1.85173
1.80830
1.86875
2.09562
2.51690
1.15673
2.04427
2.25058
2.49230
2.23520
3.53091
1.88693
2.27317
1.89345
1.83030
2.16618
2.73031
2.60766
3.23991
3.73862
2.91751
3.75541
1.28909
1.97225
2.28199
2.80278
2.62499
2.73471
3.22185
2.78850
3.26842
3.48610
2.99937
4.51675
4.40855
3.61584
4.08285
4.30970
2.05729
2.26155
2.83479
3.28579
3.64536
3.93490
4.05845
4.71618
5.32684
5.46000
4.39650
4.73204
4.19306
4.40390
5.41599
4.94817
4.74142
3.52428
4.60198
5.06339
4.99874
4.69506
3.64075
4.65540
5.12775
5.14062
4.74495
4.54777
5.57998
5.18110
5.33962
6.51591
3.75133
4.48946
4.61074
3.63411
5.26719
6.32012
6.55902
6.57096
4.73778
4.94233
4.31052
5.78971
5.59848
6.15098
6.25471
5.96146
6.80485
4.73372
5.02712
5.01158
5.83065
6.71805
6.29323
6.66923
5.93787
6.11359
6.69849
5.79346
5.99886
5.22438
4.96651
4.14654
5.55076
6.50928
6.56238
4.67913
7.13301
6.49059
6.86585
6.76141
6.14174
6.92566
5.65635
6.55005
6.97832
6.30241
6.90150
6.98883
6.06176
7.19108
6.50847
6.50552
6.27029
5.73255
6.57098
6.96380
6.64703
6.74065
5.59480
6.27521
8.34362
7.49237
6.95026
7.57076
7.61329
7.24648
5.84572
5.21671
5.05448
6.71103
6.92757
7.96181
7.77719
7.70502
7.63313
7.82012
8.03097
6.77952
7.13217
8.12168
5.97689
6.08142
5.59901
6.06433
5.76691
5.77451
6.26427
4.19543
4.39138
5.00798
4.26158
5.19029
4.10071
4.26020
4.17073
4.33290
4.81280
5.31347
2.28151
6.02715
4.65029
2.43438
3.52194
4.03902
4.62304
5.09567
2.59736
3.12177
4.11254
2.93466
5.74507
5.41906
5.33113
5.20621
4.31543
3.73462
4.77170
4.59258
4.15944
3.73806
4.89322
4.49952
4.77102
4.78793
4.52274
4.31774
4.49230
4.86382
3.98742
5.08229
5.13309
4.38039
4.24247
3.92793
3.97677
4.12837
4.55344
2.73172
3.89578
5.43058
6.16372
3.52079
1.85304
3.14257
4.91208
4.51437
4.64702
4.68197
5.18839
5.61191
5.09556
2.64108
2.90492
1.51595
3.21032
3.66565
3.33977
3.99020
3.47045
4.23684
4.90310
4.60411
3.45741
4.95737
3.38460
4.45408
4.37266
4.11110
3.89515
5.58426
5.82325
4.09070
3.59528
3.50400
4.51197
4.21405
3.87591
4.77911
4.34652
3.60679
4.42233
3.80022
4.62946
5.61509
3.62496
2.81059
4.02562
4.69056
3.10820
3.44902
3.60651
3.12748
3.33328
2.93375
3.68436
3.09723
3.74328
3.36140
3.89840
3.31743
3.20041
3.49396
4.37796
4.27182
2.84570
2.58264
2.62674
3.49350
2.68285
3.14276
2.44195
2.78891
3.28747
2.25760
2.04441
2.55712
2.98643
3.14783
2.20355
2.37305
2.02586
2.82389
1.82448
1.85476
2.44187
2.68794
2.49037
1.58840
0.66600
1.05782
1.45196
2.09841
1.90546
1.92866
1.91502
1.42499
1.25398
2.18331
2.69535
2.78100
0.74524
1.17568
2.03566
1.49484
1.42876
1.59290
2.03505
1.58949
1.66351
1.84543
1.91604
1.96552
2.04525
1.43721
2.97925
0.95230
1.58555
1.20230
1.82035
1.53168
2.01646
1.70468
1.95167
1.67580
1.82811
1.66302
1.64612
