1.85008
2.29008
1.87762
2.23296
1.71973
2.18062
1.78771
2.62715
1.94369
2.41503
1.88452
2.78570
2.11746
2.39974
2.18906
2.33971
2.13686
2.12364
1.78344
2.21549
2.71328
2.70843
2.15557
2.09866
2.33057
2.52418
2.42325
2.32931
2.30324
3.88291
3.63645
1.79685
2.10338
2.24389
1.92020
2.25104
1.80133
2.35430
2.73708
3.32844
3.56363
2.86529
2.74970
3.76356
3.38276
3.86703
3.80954
3.41613
3.36898
3.44907
3.48183
3.01324
3.75393
2.64632
3.00368
2.21446
3.33002
3.91924
3.86772
1.63418
2.55451
2.85635
2.97475
3.20532
3.59334
4.09733
3.06501
3.75965
3.66476
3.97839
4.09539
3.98375
3.96016
5.02273
3.93378
5.08612
4.91454
3.85601
4.00485
4.95988
4.70059
3.89724
3.54012
3.95429
5.63241
4.48864
4.08635
4.05106
5.78283
5.32609
6.10129
5.35693
3.93771
4.71780
4.31449
5.22835
4.97990
4.38320
5.11791
5.47757
5.38616
6.88836
5.90318
4.91515
5.05023
5.83820
5.24662
3.23835
3.19765
3.82667
4.76985
6.15170
6.40760
5.55281
6.90144
5.81188
5.12370
5.77443
5.55821
6.23810
5.93892
4.45420
4.59677
6.35375
6.55760
7.59751
5.37065
4.98977
5.62410
6.84944
7.35026
5.28389
6.02037
6.77994
5.49899
6.01428
6.55005
7.49052
7.25210
7.40393
7.02250
6.85030
6.26056
4.97288
4.51284
6.37148
5.22497
5.67187
4.72301
5.19133
7.28419
6.52762
6.34692
6.79116
7.18718
7.35763
6.92610
7.02912
6.40639
5.51115
6.41115
6.89982
5.99012
6.35662
7.84513
7.91637
7.21056
6.17257
6.12830
4.93283
5.10161
6.99633
7.07396
6.73284
6.76788
6.83305
7.66814
7.65265
6.56402
6.29341
6.72811
7.16763
5.88725
5.91798
3.48262
4.17647
4.37039
3.78192
4.14606
4.71920
4.38987
5.14688
5.03349
5.00761
4.28800
3.11508
5.13645
5.93215
6.17979
5.28765
5.53653
4.73340
4.78940
5.65655
6.68215
4.69732
5.76180
5.13055
2.90403
5.00706
4.59961
4.17812
2.92812
2.22907
3.75417
3.78325
4.24846
4.78058
4.35231
4.60432
4.82784
3.75034
5.42126
3.89638
3.94391
2.95553
3.42979
4.77569
4.73981
3.87594
2.74265
3.82257
3.55850
3.66616
4.50129
4.29947
3.65215
3.14241
4.06901
5.15057
4.00677
4.55804
5.76603
5.19229
4.40109
4.54720
3.79766
2.72842
3.05951
4.22504
1.77056
4.42822
4.74295
3.32569
4.49330
5.08131
4.73348
4.17684
1.89713
0.56386
1.19561
1.92008
3.19068
3.11313
2.94424
3.30335
3.90851
3.90573
3.53819
2.99005
3.52234
3.50840
3.90980
4.02626
3.94368
4.44461
4.48990
4.51088
3.31291
3.69353
1.97611
2.66133
3.12579
3.31783
4.08137
3.50188
3.93287
3.66529
3.61867
2.45990
3.72108
2.90209
2.73262
2.18380
2.89811
3.01572
3.02448
2.99060
3.57670
2.81216
2.48795
3.10480
3.33971
3.74959
4.17395
2.07970
2.45070
2.80358
2.59246
2.79670
2.01233
3.09686
2.07424
3.54995
2.48579
2.46905
2.11912
2.55892
2.52828
1.93981
2.00276
1.89633
1.77607
2.41379
1.90030
2.39989
2.69951
2.76439
1.99230
2.28367
2.65670
1.92093
2.54442
2.34532
1.86355
1.97590
1.46064
0.14231
1.13435
0.72612
1.69470
1.68858
1.85372
1.76231
1.91766
2.48104
0.91656
1.38110
1.46618
1.61287
1.25859
0.50843
1.03838
1.27955
1.81597
1.73539
1.68153
1.66594
3.09320
1.72568
1.42887
1.43714
1.64418
2.58374
2.62430
