0.58354
1.46682
1.63253
1.90938
1.90825
1.52185
1.44251
1.77168
2.45192
2.11335
2.30681
2.32633
1.91985
2.20312
0.64852
0.90657
1.30114
1.47286
1.25131
1.01126
1.15568
1.72238
2.32934
1.80161
1.55171
1.70100
1.73125
1.97436
2.39210
2.23565
2.76666
2.52459
2.34828
2.49856
2.80692
3.03090
3.02861
2.49355
2.42207
2.84578
3.49533
3.67902
2.35380
1.61253
1.68863
2.55445
2.44275
2.92855
1.69139
1.36789
2.07393
2.79747
3.45321
3.36885
2.91525
3.18859
2.93648
2.77344
3.12912
2.72650
3.96447
2.97779
4.12611
3.38533
3.66246
3.25085
3.51235
3.96464
3.81790
4.50699
4.49318
3.51002
3.97310
4.26752
4.37846
3.69090
4.59568
3.78763
4.57403
5.14912
5.62976
3.79063
4.19930
4.89953
4.42641
4.65058
4.29734
4.77309
6.02273
4.58988
2.62645
4.08734
5.34406
5.26538
4.62880
4.77405
5.16853
6.54242
4.85831
4.73250
5.22717
4.74125
5.55024
5.99966
5.30348
4.82353
5.20061
5.52806
5.72617
5.71282
5.74879
4.72258
6.14875
7.59271
6.85720
5.91764
6.95941
6.22814
5.95309
5.38243
5.55261
5.93356
5.97534
5.69786
6.32867
7.76883
6.05107
4.83448
3.34009
3.97826
4.89288
5.38338
6.75418
6.73620
6.98699
5.46090
6.06553
5.88536
6.08232
5.07372
6.49035
6.96112
7.20430
7.25627
8.43870
7.86314
6.18402
5.31875
6.29819
4.82922
6.20208
6.21757
5.38404
5.61687
5.29541
6.51745
5.60408
5.04252
6.14817
6.06546
7.56435
7.86212
7.48607
6.05684
5.67666
6.09531
6.88525
7.13679
6.52316
6.43675
5.94203
4.50417
8.11711
7.71465
6.42408
5.20500
4.70968
7.28961
7.56528
7.19186
6.54197
7.38136
5.99868
5.91813
6.20876
6.83644
5.89487
7.58991
6.08930
5.08875
4.75095
5.06733
4.46545
4.85685
4.81071
4.75511
3.07095
2.22582
4.35299
3.42507
2.34940
2.98066
3.63519
2.88473
3.59666
4.18967
4.68672
4.66753
3.88909
2.77135
4.04583
4.49021
3.67386
3.90429
4.22365
4.25648
4.48249
5.01650
4.62093
4.43583
4.38816
4.28520
5.13618
4.61648
4.21682
4.37461
4.94397
5.08789
4.81281
5.21368
4.27613
2.78280
3.85711
4.54171
3.58504
4.11114
4.34796
4.85261
5.62151
6.11318
5.91239
5.81089
5.98899
6.02241
2.77766
4.77781
4.75484
5.59518
5.75874
5.32024
5.06566
3.14564
4.51718
4.42644
4.32193
4.12567
5.25084
4.89982
3.43392
4.52486
4.45671
4.99108
4.74842
5.67128
5.10915
4.53995
3.99446
3.71117
4.25892
4.16235
3.90620
3.17248
4.12339
5.31868
5.91181
4.32903
3.40406
3.82510
5.10017
3.65887
5.21427
4.30386
4.62807
3.81016
3.65637
3.33754
4.22299
4.70604
4.08895
2.58366
2.53671
3.02374
4.43808
3.46196
3.17849
3.07351
4.39882
3.34254
4.44306
3.00271
2.79563
3.26657
3.26686
2.44864
3.05951
2.94285
2.18500
2.72515
2.67346
2.52653
2.13330
2.12561
2.15899
2.53782
2.48220
2.30850
2.09599
2.95124
2.45497
2.67197
3.42637
2.46192
2.41085
2.19531
2.44751
2.55124
1.88377
2.68758
1.96467
2.11759
2.91421
2.07815
1.69113
1.49549
1.05826
1.26156
2.04904
2.00706
1.04197
0.87018
1.19948
1.48933
2.39570
2.42381
1.22678
2.46024
1.61249
2.12033
1.85213
1.91951
0.81879
0.82804
1.50933
1.73106
1.90567
1.34596
1.45208
1.65141
2.36916
1.73085
1.52384
1.95869
1.57769
2.18478
2.07393
