1.24494
1.01812
1.29200
1.63072
1.70298
1.76819
2.67082
1.11120
1.78572
1.45664
1.46446
1.11891
1.69237
1.27206
1.90793
1.74441
1.78198
2.04213
2.60604
2.42338
2.73149
1.69239
1.82906
2.39104
1.98065
1.49596
1.59344
2.02271
1.67415
0.31822
0.66201
1.31392
2.06471
2.41682
2.66440
2.59508
2.38587
2.83367
2.66371
2.76281
3.12700
3.29795
2.84112
2.56310
2.40383
1.83357
2.45232
2.77207
2.71786
3.53739
2.82711
3.43964
3.78862
3.37043
1.99981
3.01874
3.36804
3.81570
3.15522
3.56902
1.88610
2.59683
2.46191
3.30301
3.53699
3.23959
3.72498
3.32458
3.37789
3.95243
2.20140
3.74266
4.72059
4.80245
4.06356
2.30933
2.17781
2.24808
3.20759
3.79994
4.15753
4.31896
4.64136
4.46733
4.07004
3.60032
4.91261
4.60591
3.75720
4.52311
5.31585
5.80500
4.01587
4.95861
5.29949
5.87444
5.72640
5.39885
4.70435
5.12801
5.57929
1.17000
4.34754
4.29732
5.94207
5.45306
4.71806
5.22941
4.76109
4.86547
5.61417
5.66848
5.62506
3.98269
5.60714
3.87986
4.57657
5.39725
5.71542
4.56047
5.05544
4.98207
5.35422
5.02519
4.61443
6.16811
5.78397
6.22466
5.04194
4.85993
5.29871
4.21333
5.16405
6.39818
4.56663
4.69282
5.32272
6.90368
5.39225
6.26010
6.17003
6.63042
5.16485
4.93520
5.33180
5.79040
6.02002
5.76140
5.38696
5.38116
5.58329
7.42504
7.30536
7.32707
5.80883
4.81603
6.82397
4.61632
4.64621
4.27193
5.87911
6.18586
5.67239
5.56110
5.39652
5.37913
5.47096
5.77268
7.54307
6.89235
7.31848
7.02495
7.37575
6.34615
5.64530
4.98848
4.44526
5.51526
5.35996
5.34367
5.24074
3.92353
5.59667
5.36624
4.24088
3.57700
5.54396
4.44051
5.62575
5.25287
4.55109
4.83093
4.61528
3.82573
4.32482
3.95963
5.07375
3.20781
3.92923
4.39709
5.23824
4.95433
3.41347
2.98940
4.89441
5.55274
5.72680
4.89911
4.63141
2.86907
3.95194
3.81638
3.88606
4.71277
4.79144
5.43734
5.15262
3.60680
3.18796
3.35820
4.14981
4.03657
5.16853
4.80092
4.77384
4.59407
4.70382
5.57155
5.30482
6.31528
5.26564
4.14470
4.21300
4.20417
4.27648
4.41200
3.67384
3.97828
3.89131
3.80933
4.06626
3.85365
3.56236
3.46115
3.71461
3.13184
1.96992
2.26641
4.16089
4.09065
3.45087
2.17551
1.50486
3.90330
4.31035
3.89005
3.18512
4.24022
3.77401
3.76679
3.71406
3.15209
3.53687
0.79198
2.35316
3.52858
4.22393
4.36094
4.37206
3.57119
4.42952
3.78706
3.86928
3.66612
4.66275
4.51551
3.24278
3.02221
2.56123
1.96148
2.96061
3.56653
3.26038
3.34296
2.79068
3.60312
3.01425
2.64960
3.15467
3.36956
3.12397
3.74056
2.53235
2.10522
1.99148
2.61930
3.62240
2.79360
2.66819
3.18349
2.58099
1.94163
1.44606
2.35489
2.50045
2.86566
3.58914
2.08737
2.00197
2.19764
2.99771
2.25771
2.77939
3.14626
2.19747
2.57105
2.45709
2.74320
1.79100
1.46650
2.07992
1.99703
2.19344
2.10013
2.50300
2.01100
1.76833
2.14963
2.65046
1.66317
2.41306
1.97786
2.12697
1.61028
1.81830
1.93647
1.84701
1.89450
1.72639
2.13115
1.43512
1.57829
1.89843
2.19810
3.22989
1.08445
1.80421
0.72198
1.29459
1.19686
1.22359
1.69188
1.55217
1.79016
1.36224
1.82529
1.51804
1.51673
1.60145
1.86338
1.52304
1.40479
0.97863
1.25725
1.26293
