1.42734
1.51663
1.52060
1.94169
1.86297
1.54249
2.08724
1.53556
1.50929
1.92866
2.05012
2.24756
1.83627
2.33218
1.57082
2.96146
4.21608
2.23078
2.69273
1.54958
2.49615
2.13863
1.68162
1.53455
2.45828
2.06870
1.99139
2.52022
2.42472
2.63012
3.19165
1.04572
1.66425
1.79618
2.33101
2.25103
1.77642
2.43599
2.91002
2.93747
2.40102
3.44778
2.23628
1.87687
2.17306
2.80529
2.62122
2.85181
3.73837
3.20961
3.20655
2.84445
3.24774
2.11324
2.52913
4.51334
1.85364
2.31298
2.68829
2.93338
2.81980
2.68208
2.74571
3.92933
4.01928
3.26618
3.79294
3.80596
3.94983
3.32970
4.16032
4.72464
3.68437
2.21460
2.59789
3.43206
4.56463
4.01690
3.95363
3.76632
3.68632
4.62337
5.54619
4.21519
4.15427
2.61079
3.17800
4.69469
4.56820
3.56194
4.18871
4.18047
5.55923
4.53616
2.83387
3.04794
4.00375
3.74621
5.26234
4.49805
6.19002
5.04609
5.03506
5.65256
4.65719
5.05862
5.32591
6.38366
5.97007
5.26688
5.25768
5.50307
4.10012
5.23930
6.48384
6.77540
5.63872
6.68340
6.69458
5.58184
5.44646
6.15362
5.52737
6.16121
5.99740
5.73825
5.46568
6.27153
6.11177
6.57419
4.82967
5.13268
5.48925
6.28100
6.72577
6.29014
6.45109
6.25786
6.48272
7.84521
6.99544
6.49995
7.15685
7.26615
7.26118
5.85704
5.62170
6.00326
6.38852
6.56671
7.00472
6.25440
4.99260
5.52112
5.87819
6.81989
6.78282
6.76875
5.66557
4.69891
7.48639
8.05579
6.01602
4.90560
4.09820
3.87757
4.21291
4.88738
6.61816
6.60492
6.33215
5.22450
5.81140
6.42008
7.27237
5.35303
6.05877
5.39126
5.46081
3.48866
4.70493
6.31127
6.20142
5.14640
4.30280
4.42782
4.75522
4.87463
4.91904
4.41457
3.60718
5.00626
5.47015
5.72909
4.60696
3.29548
2.82366
5.12864
5.06387
5.31603
4.90044
4.66496
6.13444
6.39244
5.43204
5.29150
4.18616
4.37576
4.39535
4.74206
4.30337
4.34395
3.83550
3.23020
2.91326
4.64386
4.87148
4.28268
4.34858
4.75850
5.07719
4.78478
4.20780
4.30343
6.41269
5.22877
4.63129
4.48619
5.31177
4.55349
3.84524
3.54640
4.04998
3.79265
4.36189
5.59352
5.11496
3.98030
3.57202
3.55952
3.87079
4.63737
3.87505
4.48460
4.19218
4.06658
3.54628
2.70853
3.42195
3.92822
4.07228
4.32206
4.03989
2.96114
2.84457
3.70130
2.72324
3.12538
4.35737
4.39161
4.59330
4.38399
3.64570
3.96964
3.73068
4.09478
3.59736
2.50629
3.23175
4.56869
3.80768
4.17363
3.57153
4.12828
4.35303
4.11175
4.72976
3.90425
3.68293
3.99071
3.81561
3.02599
2.93115
3.20283
3.55645
3.43798
3.30899
2.48990
2.78494
3.76753
3.02676
3.80185
4.56926
3.80779
4.11562
3.21455
3.07240
2.67092
4.27664
2.35104
0.87175
2.08645
2.21007
3.22107
2.68931
2.32837
2.64476
3.18614
2.24774
3.10414
2.72575
2.55391
3.04926
2.93323
2.64076
2.17001
2.39821
1.99654
3.02918
3.93025
1.94185
1.77151
1.75205
2.00287
2.50350
2.21080
3.00280
1.83727
1.71797
1.69655
1.84654
2.27489
1.08370
0.96635
1.69547
1.47005
1.62792
1.62770
1.86114
2.18170
2.33360
1.77692
1.92891
2.98796
2.08469
1.49011
1.67866
1.51388
1.78034
2.09280
1.78144
2.08890
1.61053
1.43653
1.56789
2.46779
2.59769
1.83731
2.02411
1.77085
1.97217
2.10777
1.65961
1.51843
1.63585
1.84197
