1.76720
1.52918
1.86702
1.99779
1.65114
1.99614
1.85992
1.67901
1.73993
1.48165
2.01100
2.10204
1.71665
2.00112
2.11322
1.49517
1.91115
2.07127
2.55791
2.17793
1.19609
0.91914
1.14870
1.47989
1.67883
1.50463
1.45830
0.81598
1.31622
1.60875
1.32945
1.54111
2.12508
0.28644
1.82461
2.04078
2.28536
1.01828
1.87829
1.98236
1.14540
1.88174
2.19265
2.43129
2.60766
2.30970
2.43457
2.47280
3.04853
3.16178
1.94733
1.91008
1.41974
2.16450
2.65671
2.98736
2.88433
3.02384
1.70760
2.31462
2.86504
3.16117
3.58026
3.04518
3.54309
2.46715
1.89840
3.06708
3.11314
2.61898
2.92195
3.85141
3.87380
3.60007
4.10083
4.47346
4.72037
4.08577
3.59765
3.70895
4.20757
3.14750
3.50507
4.14474
5.14535
4.49621
4.80718
4.02459
5.55865
6.31023
3.21817
3.72576
4.52157
5.20601
6.01527
4.94267
4.41009
5.17963
5.49065
5.44437
5.13890
6.04827
5.15826
4.79500
4.59721
4.54688
4.62495
4.14579
2.87450
3.60692
4.79648
2.69119
2.43108
4.42399
5.10923
5.06883
5.13685
7.05163
6.02003
4.17488
4.97206
5.56038
4.10386
5.41500
7.14939
7.53987
6.11603
5.95909
7.77408
7.08468
7.07126
5.35033
5.41436
5.84720
4.95138
6.35627
7.44054
6.67047
6.17834
5.17395
6.99252
7.47962
7.74379
5.28029
5.32511
6.18737
6.52854
6.85039
6.79157
6.38995
6.40044
6.92459
6.24923
6.22773
6.65209
7.24663
7.47017
7.48802
7.92073
6.37913
7.52642
7.98796
7.00923
5.25599
5.34004
6.37525
7.36608
6.36813
7.17811
6.85340
7.18560
7.30734
6.55191
6.07460
5.05066
5.09238
6.90553
6.35714
5.46484
5.80752
6.29279
5.84210
4.92477
6.81117
6.63847
6.05998
5.20548
5.46901
6.13630
6.09991
4.94352
2.60965
6.33862
5.76778
5.22907
4.85420
4.33348
4.62346
4.69998
5.33988
4.92686
3.94601
2.83633
3.51720
3.79136
3.69162
3.35155
2.89902
4.01451
4.24692
3.68264
2.39016
3.56767
4.22987
5.01136
4.65212
4.17780
4.42595
4.20540
3.53071
4.28967
4.55207
4.69447
4.85473
5.17749
5.56201
5.08089
4.03033
4.51089
3.88705
5.22543
5.26232
4.35347
4.04774
4.08093
4.62045
4.94713
3.45897
3.04025
3.79239
3.87606
3.83689
3.88062
4.45196
4.57525
5.46983
4.84468
4.24919
3.53006
3.27811
3.67803
4.86512
4.53507
3.83826
4.23572
3.67501
3.46299
4.68822
4.65509
4.10609
4.98096
5.44717
3.21018
3.80851
1.04695
2.71868
3.87975
4.15525
4.71800
4.27684
4.46760
4.08863
5.21991
3.77519
3.62092
3.41923
3.15112
4.62565
4.20917
4.36683
3.75117
3.50798
3.65872
3.54652
3.08092
4.74647
4.27566
2.93613
2.81147
3.48292
3.19276
3.58973
2.97703
2.25130
1.99320
2.57496
3.02560
4.22669
3.06975
2.43448
4.09500
3.50142
4.12878
2.94449
2.67421
3.47788
4.07644
3.83696
2.60724
2.43447
2.62880
3.55893
2.19748
2.81612
2.67880
2.28466
2.14623
2.70283
2.92168
2.69492
2.19037
2.29280
2.69357
3.51370
2.30981
1.76891
2.21433
2.37670
1.67631
2.01359
2.22517
2.55309
1.81083
1.82748
1.96056
1.81589
1.37378
1.57848
1.86845
2.13680
2.28096
2.03957
2.20063
2.63524
2.13364
2.17437
1.66296
2.38762
2.64231
2.04725
1.43493
1.67270
1.98138
2.45923
2.24751
2.35192
1.30702
1.71406
2.13969
2.04551
0.81848
1.43699
2.00172
0.80105
0.80028
