1.56638
1.96929
2.03472
2.10191
3.37852
2.94893
2.07883
1.87146
2.40599
1.89005
1.64494
2.08891
2.28349
1.94527
2.37890
2.54974
2.05272
2.23797
1.82767
1.94189
2.23396
1.97427
1.42014
2.49352
2.21509
1.88061
2.04423
0.61860
1.46368
1.88188
1.73243
1.98551
1.79283
2.55357
2.15831
2.10795
2.45069
2.93159
0.84459
1.53920
2.11606
2.67849
2.31391
2.82339
2.15897
2.57095
3.14733
4.04211
2.66380
2.29344
2.77447
2.68182
2.80092
2.62808
2.63555
2.79594
2.80023
3.58978
3.42804
2.82108
3.67661
2.01013
2.83986
3.69120
4.23621
2.46788
2.47171
2.82118
3.70838
4.36826
2.35370
2.11419
2.88551
3.13649
3.91280
3.95118
3.13916
3.83095
3.18678
3.37766
4.71927
4.04106
4.60623
4.55792
2.17925
3.72543
3.62641
4.04069
4.08851
4.11725
5.10971
4.83626
5.10610
5.54929
5.12818
4.68650
5.35185
5.60845
5.23639
4.74874
4.09504
3.73572
5.00586
5.59249
3.92922
6.54147
6.22694
4.52380
4.43550
4.70404
3.88472
3.76100
5.88318
6.56291
5.23880
5.19340
3.61669
5.41727
4.78802
4.71339
5.73707
5.13196
5.50484
5.56766
7.44189
6.97108
6.36345
6.61739
4.83729
4.04012
3.83989
4.22868
4.97603
4.68541
6.23920
7.34376
7.24380
6.97325
6.85917
5.82851
5.74910
6.19287
5.25122
4.37591
4.73620
3.27362
4.51312
5.54659
5.20861
5.71988
6.93949
6.40129
5.90856
5.65409
6.86577
6.88888
7.29205
7.08062
6.19578
5.94769
5.85898
5.67073
5.22933
6.47781
7.58405
7.36108
5.89505
3.57743
3.43875
3.79155
4.13948
4.59231
5.00204
7.12943
7.34067
7.91818
8.11996
6.92552
5.74988
6.13806
7.10935
4.54780
7.24057
6.05213
6.30251
7.28833
6.86566
5.04570
5.78406
5.94498
6.85732
7.03467
7.57328
6.60256
5.54176
5.40300
4.62858
1.03726
4.98489
5.29804
4.90027
5.21809
4.71825
4.22903
4.39323
5.43917
4.88727
3.77569
3.54951
4.97080
4.60160
5.17852
5.49653
6.10217
6.03736
5.97445
7.18585
4.94358
5.52309
4.04344
4.25669
5.44295
6.60860
4.57630
4.46411
4.81498
4.85948
4.25229
4.37324
5.39902
3.78231
4.66353
3.83819
3.68316
5.10306
3.81511
3.94015
4.27483
3.80119
4.41575
4.51531
3.75328
3.58752
3.45283
4.29205
0.87673
2.76268
3.97019
4.19609
4.28582
4.45503
3.96210
3.58211
3.39073
4.09546
4.14221
4.14265
3.80810
4.79295
5.12207
4.95690
3.49114
3.72484
2.46415
3.17513
3.50734
3.39571
2.87917
3.43198
3.22202
3.14781
3.22886
4.95015
2.50997
3.18981
3.55636
3.79083
5.35134
3.73854
3.16530
4.44913
5.03602
4.27670
2.89428
2.89167
4.89952
3.87494
3.34655
1.65968
2.33495
2.55573
2.51725
2.70691
2.52474
2.45794
3.44515
3.37983
2.97449
2.55822
2.66355
2.98747
3.44274
3.28728
1.94651
3.14216
3.77384
2.87576
1.89512
2.13950
3.09394
3.19386
2.33516
2.58854
3.55226
0.56131
1.71009
1.63367
1.75943
1.98850
2.33475
1.91361
2.33163
1.16163
1.48021
1.78734
0.20593
1.61704
1.73443
1.16181
2.37384
1.52999
1.66454
1.86520
1.96241
1.75188
1.81304
1.69389
1.56434
0.15074
1.27023
1.36999
1.14294
1.26364
1.57173
1.54277
0.44107
1.24221
1.09627
1.39416
1.41839
1.49188
1.54439
1.39780
1.39711
1.68774
1.68168
0.44540
1.31905
1.04931
0.78124
0.51608
0.88977
1.05363
0.86639
0.91691
