1.26707
1.27878
1.20972
1.82670
1.49753
1.78424
2.01430
1.85655
2.10146
1.79303
1.71538
1.60933
2.31403
2.12743
2.42193
2.64687
2.05190
1.98014
1.80172
2.19597
1.82933
2.75295
1.77808
2.08955
2.30684
2.12503
3.13190
1.67034
1.14838
0.92978
1.39690
1.82744
0.76391
0.70780
0.49811
1.51361
1.84913
2.18582
2.82770
2.75149
2.69894
2.52831
2.30122
2.73010
3.13046
2.69058
3.06625
4.14944
1.90991
2.65285
3.07852
3.73811
2.92890
3.72000
4.02546
3.61942
3.48833
2.62077
3.93064
4.30313
3.42783
2.87002
2.92760
3.27451
3.55968
3.88226
3.45275
3.57841
3.57022
4.22871
3.86129
5.11434
4.48105
3.86937
3.72341
3.86600
3.09690
3.44397
4.54409
4.83140
4.59596
5.51362
4.49677
3.30005
4.22891
4.04225
4.88611
4.03551
4.54398
3.96130
4.59080
4.53104
5.01442
3.80225
5.21269
5.95815
4.20475
4.25032
4.41384
5.47147
5.43671
4.59105
4.24463
4.39196
6.16320
4.83940
5.47870
5.70715
6.16421
5.08590
4.28969
5.08575
5.97028
5.66656
4.72742
6.60093
5.04353
4.69778
5.40505
7.06999
6.29313
5.51736
5.01960
5.51179
6.21811
5.56903
6.31084
6.03122
5.36949
6.76339
7.00916
5.19584
6.60475
6.58979
7.16155
6.26305
5.62453
6.36843
6.78629
6.73722
6.60335
5.83479
6.24481
5.57659
5.84650
5.39980
5.25486
4.65086
5.22532
5.82947
6.36612
6.82106
7.34113
6.97591
5.68099
5.63281
6.45399
5.07005
6.19573
7.53957
6.35701
5.40433
6.13701
7.31120
6.16473
7.55346
7.31279
7.72589
7.43406
6.90003
7.04407
7.60132
6.86694
6.17585
6.40010
6.23092
6.04683
5.92535
5.47827
5.99948
7.61774
8.32576
8.43499
6.51011
7.06188
5.80415
5.54582
5.83717
5.62300
5.07480
5.80308
5.74356
5.54378
5.57467
4.40649
3.79461
3.27572
3.34331
4.91119
4.89227
4.36719
4.17342
3.64913
5.05993
4.49888
4.51001
4.48694
4.10989
4.64341
5.11408
2.99958
4.59346
4.81679
3.28348
2.50186
3.70185
4.10087
3.17402
4.16364
4.51688
4.33913
4.25954
4.42032
5.60488
5.92719
5.95271
6.00079
4.58049
4.10088
4.22090
3.07721
3.47720
3.76310
4.32273
4.29376
4.52068
4.80488
5.27136
5.35899
3.27577
4.26572
3.82252
4.72393
4.16979
3.95956
3.76400
4.13191
4.12089
3.88469
3.19301
3.00888
3.23986
3.83813
3.45833
3.94545
4.37969
4.65505
5.60093
4.17059
4.29017
4.59287
3.54285
4.19152
4.50421
5.17299
5.09785
5.23351
3.94364
4.28463
5.15914
3.91569
3.29437
2.25139
3.45190
4.30325
3.61712
3.66336
3.44927
3.54913
2.56923
2.72845
2.82757
3.26053
3.77658
3.12574
3.79052
2.72826
2.25879
3.38054
2.96400
2.50672
2.52299
2.43704
2.34641
2.63645
2.99432
2.52034
2.87812
3.36186
1.93969
2.19628
2.63342
2.54692
2.52006
2.98038
2.19374
2.73428
2.80719
2.20479
2.92590
2.82326
3.16664
3.29754
1.98117
2.79792
3.15980
2.62047
3.07367
2.90055
2.67249
2.35353
2.13827
2.56710
3.12213
2.20112
2.02467
2.50551
2.03942
1.97285
2.09485
1.83025
1.34199
1.36108
1.55562
1.46803
0.77394
1.16833
1.37224
1.69991
1.36537
1.58970
1.62191
1.40805
1.34932
1.62425
1.81310
1.46027
1.65899
1.45478
2.57833
1.47821
1.34087
1.08533
1.99056
1.07552
1.20487
0.65645
0.99491
0.81406
1.23509
1.55851
1.67196
2.19748
1.46570
1.75392
