1.07493
1.69275
1.96678
1.36414
1.71312
1.87719
1.47606
1.46025
2.35561
2.43094
1.53159
1.55939
1.87922
0.56836
1.58999
1.59334
1.24584
1.38950
1.65139
1.80869
1.57770
1.17575
1.65663
1.43403
1.55249
1.67736
1.74966
2.08834
1.89498
2.19292
2.52445
2.14934
1.91770
2.00421
1.12947
1.70635
1.84518
2.18354
2.49244
2.43919
2.43606
2.68464
2.64616
1.87494
2.33465
2.66804
2.29985
3.35533
3.59451
3.10248
2.22215
2.77211
3.05799
1.02785
1.79227
2.21507
3.03207
2.99362
2.23869
2.39685
2.94857
2.57400
1.56773
1.01278
2.18468
2.85017
3.83063
3.65077
4.10164
3.94540
3.35978
2.14407
2.69354
3.03310
4.25491
3.48770
4.16914
3.77787
3.53925
4.02184
4.70367
3.83243
3.72332
4.62082
4.19660
5.33232
4.54420
4.47537
5.28594
4.46795
4.00118
4.06610
2.13203
2.11450
2.09375
2.92321
2.93993
3.61212
4.23864
3.76908
4.25000
3.59454
3.58583
4.81401
5.18877
5.13974
5.19273
6.14044
4.29191
5.18040
5.16433
5.61871
6.66449
4.86322
4.41619
4.85026
6.39550
5.70078
5.76560
7.25645
5.46133
5.72833
6.16137
5.31181
5.28985
5.63301
5.58337
5.15592
3.55446
3.82024
6.06611
6.95794
6.78953
5.31395
5.36926
5.47462
6.71770
6.59033
6.07869
6.35568
6.71573
7.22826
6.54598
6.84459
6.99383
5.73575
4.86944
4.44197
6.67722
6.72836
6.22269
5.87557
5.94515
6.50531
5.34923
5.05900
7.24496
6.94972
7.44971
7.24029
7.61532
6.35603
5.71162
6.00073
5.90763
6.54234
6.83640
6.98925
6.46384
7.06124
6.87762
6.50988
6.46072
3.45639
3.66244
4.30205
4.73998
5.41437
5.62484
6.16937
6.55148
6.84626
6.51130
6.04432
6.82548
6.61335
6.07987
6.31085
5.87020
4.86822
3.99172
4.78154
4.58600
4.84770
4.33392
3.51235
4.36366
4.57285
4.52673
4.71943
5.26662
5.34952
5.99130
6.23055
3.55586
4.22011
5.23037
4.22412
4.14265
4.99733
4.97615
4.74235
5.70323
4.31481
3.45961
3.97490
3.84395
3.84762
4.31537
4.60036
4.52814
4.72796
4.97619
3.89033
4.72346
3.17348
2.79580
3.72996
3.66442
4.05377
4.76769
4.52076
4.77374
4.85556
4.47080
4.85676
4.12140
4.10865
5.17939
5.67591
3.84688
3.95611
3.97620
4.10736
4.50981
4.12130
4.72294
2.32140
2.96753
4.96177
5.79651
5.22828
5.28803
4.16735
4.13189
4.11414
5.07801
4.88258
3.67475
3.79517
4.13484
2.59137
2.17011
3.74905
3.98187
3.65470
3.94583
4.34568
2.83161
3.11771
3.47968
3.78396
3.67312
4.38872
3.58317
4.49375
3.33872
4.16088
4.44427
3.91458
3.15305
4.23271
4.54033
4.57336
3.18202
3.11376
3.51376
2.94438
3.58705
4.07008
3.98678
2.39142
3.75204
4.28697
4.17055
2.59133
2.76045
2.60844
2.09208
1.43524
2.78092
3.19328
2.04275
2.26216
2.86768
2.98873
2.37212
2.48232
3.06967
2.75776
2.09628
1.92007
2.64943
2.36327
1.98609
1.87000
2.42791
1.88400
1.43479
1.22252
1.10309
1.86850
1.75492
1.76954
2.24057
1.95458
1.28814
1.22212
1.40063
1.68495
2.07008
2.25139
2.02659
1.78790
1.50240
1.46498
1.66813
1.84528
0.43840
1.64956
0.84918
1.29872
1.48623
1.51835
1.84189
1.52954
1.88984
2.00834
1.60768
1.52772
1.95600
1.80700
1.77654
1.91265
2.03175
2.23578
1.39796
1.50425
1.42678
1.48212
1.73335
1.85144
1.68039
1.13293
1.45326
1.70735
