1.75366
0.96385
1.57772
1.92824
2.20096
1.88767
1.54290
1.76137
1.82640
2.14562
2.15294
2.19173
2.57853
1.99473
2.02267
2.26393
2.37976
1.98525
2.03429
2.43963
2.26421
1.91860
1.75067
2.52010
2.70850
3.09426
2.29142
2.26968
1.95625
2.36121
2.30032
2.39989
2.46656
2.33471
3.03134
2.43407
2.54806
3.16346
2.82871
3.77735
3.24699
2.68204
2.48844
2.75748
2.74649
2.93571
4.24830
2.70221
2.32952
3.15477
4.13459
3.34636
2.38576
3.21390
2.07852
2.68311
2.54336
4.24424
3.94887
2.95778
4.04327
2.68785
4.15332
4.52310
3.01060
2.73266
1.88624
2.88824
3.11974
3.31787
3.66183
3.73516
2.90229
3.87885
4.48434
4.28149
4.33184
4.77810
4.07126
5.00262
2.85457
2.08355
3.27344
4.27832
4.52510
4.44186
4.81601
3.41179
4.18445
4.81705
4.36352
3.05265
3.51278
4.61204
4.87976
5.72174
5.34687
5.03463
4.78172
5.64826
6.09031
4.98188
4.26358
4.52431
6.45316
4.72917
5.36972
6.16047
5.87122
4.81557
5.50359
6.70736
5.30161
5.13128
4.77206
4.92019
5.52611
5.40220
6.51846
7.03663
5.62857
5.07323
5.05958
5.69305
5.66093
6.04424
6.46632
6.76563
6.93939
5.47516
7.14422
7.88246
5.68435
5.20661
5.56316
7.64245
7.49286
6.00976
5.61147
5.22476
4.98195
4.80474
5.26698
7.21939
6.71588
7.11116
6.28701
5.56219
4.99343
5.95772
7.09709
6.96029
5.45861
4.03663
5.54016
6.30284
5.55594
5.40982
5.26917
4.60260
6.59743
6.05418
5.15555
5.51034
6.52446
7.60627
8.36227
7.23957
4.82508
4.49010
4.39828
4.19551
4.94723
4.73724
4.91005
5.16199
6.67732
5.36000
4.37846
2.83822
3.09814
3.65623
3.08568
4.48649
5.36588
5.59381
5.95648
6.17821
5.11942
5.21865
4.91363
5.12517
5.51248
5.77516
3.64368
4.71196
5.31280
5.32241
4.46452
5.47722
4.45690
5.53622
5.58283
4.49187
4.93800
5.25726
5.63262
5.37674
5.22583
6.45163
5.11489
5.20000
5.48741
5.20474
4.82354
4.74631
5.12802
4.87591
4.68715
2.80480
4.47690
4.00798
4.53163
3.92859
4.62630
4.38908
4.83857
5.51894
5.23448
3.64255
4.11583
3.97429
4.32879
4.44577
4.71575
3.86413
4.70811
4.17931
4.09339
3.30829
2.39511
3.42202
3.91521
4.15199
5.01099
4.52472
4.72795
4.47664
4.72344
4.28288
3.88313
4.05632
4.83822
4.14844
4.60261
4.48102
4.30696
5.15230
5.97410
5.72801
5.27812
3.74855
3.78025
3.60047
3.99890
4.67494
3.97010
3.80336
5.03769
4.06057
3.35571
3.85416
4.05784
3.82616
3.67769
4.08291
2.85092
3.93401
3.19803
4.13958
4.10013
3.50489
3.12506
2.39438
1.02133
2.38337
2.75668
2.79262
3.07478
3.03161
3.21461
3.37035
2.38730
2.63804
1.97742
1.78443
2.13998
2.34168
2.20188
2.96227
2.35633
1.62951
2.17087
3.08334
1.93852
1.99024
2.33451
2.19101
1.92583
1.29987
1.62041
1.26085
1.40297
2.15200
2.32496
1.11431
1.51126
1.80834
2.03305
1.79666
1.69702
1.73360
1.74955
1.91564
2.22758
1.60048
2.55832
1.79847
1.64689
1.82079
1.79800
1.96331
1.84527
1.91570
1.91136
2.20597
1.31282
1.56918
1.78680
1.50560
2.00806
1.77419
2.49660
1.56219
1.59219
1.51147
2.53820
1.31899
1.72392
1.57243
1.88428
1.67776
2.12772
1.61967
1.98805
1.78856
1.67867
1.46187
1.58463
2.28771
1.36589
1.43363
1.64646
1.83957
1.55277
1.58033
