1.52720
1.03171
1.54069
1.65238
1.14398
1.37933
1.21387
1.03363
1.29975
1.71050
2.06770
1.56763
1.97357
1.66549
1.58212
1.88746
1.40834
1.52566
2.11411
1.82760
2.06341
1.98119
1.67245
1.99867
2.24635
2.17316
2.32144
2.26004
2.64165
3.03186
2.22771
2.11539
1.88535
1.94863
2.15567
2.89582
2.77212
2.88096
2.78078
2.91578
3.89051
2.76412
2.25405
2.65054
3.90676
2.82130
3.06331
2.74151
2.55745
2.34487
2.38126
2.52784
3.13041
2.70031
3.06826
3.86302
3.18980
3.08688
3.45790
2.80485
3.39097
2.84916
3.63293
4.45899
3.13008
2.96384
3.10365
3.67771
3.86531
3.28876
4.30717
3.71844
4.11700
4.55111
4.32130
4.08924
4.69834
4.67030
3.95066
3.94837
4.90212
5.74601
4.19970
3.99693
4.86204
5.47001
4.54581
3.82903
5.25113
5.11736
4.86473
3.89516
4.02607
4.07819
4.63642
5.72223
4.51866
2.27043
4.12631
5.23466
4.76848
5.64092
4.99112
4.96496
5.82649
5.48115
5.32952
6.11714
6.44771
6.47142
5.04213
4.63368
4.54772
5.07365
6.20449
6.86983
3.66044
4.97565
4.17840
4.49854
5.22859
5.43084
5.84360
5.38077
6.39275
6.80185
6.10497
5.52250
6.40621
5.66255
6.73617
5.79607
3.47591
5.16765
6.23061
3.89595
4.32788
4.71974
6.03556
6.46109
6.66936
7.00177
6.15440
5.86019
6.41900
7.31126
7.14450
5.95836
6.51498
6.98978
6.52001
5.40285
5.42716
5.78267
6.00276
6.56531
6.50713
6.39119
7.39891
6.76281
6.38144
7.42931
7.30271
7.19042
6.73363
5.60425
4.08136
5.54370
5.95080
4.82349
3.95375
4.89341
5.93545
5.41998
4.93131
4.63964
4.18023
4.61045
4.12144
3.58650
3.40065
4.15413
5.24265
5.44131
4.85536
6.27035
6.41412
7.08362
5.93500
4.97812
4.42858
5.29983
4.77881
5.14077
5.40364
4.85373
3.93084
4.74068
5.31691
4.83571
4.49999
4.43334
4.50097
4.26238
3.85997
5.21213
5.80288
4.01328
3.32749
3.94736
4.58041
5.14447
4.29581
4.79909
4.68569
5.00155
4.15068
2.92933
4.65556
5.48288
4.23666
3.03437
2.51305
3.42835
3.85717
3.67770
3.90214
3.68207
4.16975
4.42056
3.74739
3.62616
4.22856
4.29269
5.03116
5.09233
4.41595
3.81575
3.53060
4.04782
4.42872
4.86086
4.44441
5.06848
3.95504
4.72879
5.07653
6.30779
6.67815
5.78241
4.19463
4.54555
4.50492
3.69404
3.33836
3.98009
4.68361
5.43654
6.42598
5.08021
5.03448
5.71835
4.94429
4.22558
3.43734
3.61962
4.18770
4.16964
2.81883
2.98468
3.10529
3.11049
3.40681
3.64600
4.57043
3.84701
2.12577
2.95062
2.34552
2.71022
3.70085
3.30490
2.94035
3.33122
3.43028
2.41079
3.23290
4.25754
4.32477
3.15338
3.68493
2.49805
3.03070
2.30694
1.94647
1.58947
1.76809
1.81133
2.28394
1.39875
2.43701
2.46440
2.56265
3.05697
3.30223
2.68665
2.37943
3.14309
2.46109
2.76805
3.44249
3.86783
3.25790
2.39803
2.42909
2.24955
2.95744
3.35586
2.38967
2.26307
2.10280
0.95377
1.56617
1.35634
2.03739
2.24374
2.13533
0.72728
1.46528
0.89682
1.55057
1.43377
2.17223
1.73119
1.74804
1.37520
1.69943
2.00956
1.06829
1.30745
1.61291
1.73595
1.59501
1.39378
1.83436
1.23302
1.35527
0.37488
0.28449
0.35810
0.58787
0.74103
1.03794
0.29669
1.18564
1.31366
1.22085
1.16006
1.65949
1.30479
1.40568
0.91745
1.64524
1.28390
1.37009
1.62988
