0.69113
1.53301
1.66585
1.90218
1.98757
1.55107
1.57838
1.85877
2.74448
2.09639
2.40135
2.60263
2.21693
2.36594
0.61878
1.00922
1.39155
1.47535
1.34176
1.11048
1.20624
1.76180
2.56441
1.86791
1.54889
1.76672
1.74308
2.03149
2.45958
2.32269
2.68692
2.42486
2.47557
2.69030
2.76510
3.12753
3.16781
2.52919
2.52454
2.98993
3.80786
3.96106
2.38066
1.66162
1.76357
2.62284
2.50730
2.96700
1.78582
1.50923
2.23439
2.88163
3.62577
3.43913
2.94275
3.19061
3.01906
2.99342
3.25883
2.95517
4.03901
3.20564
4.37702
3.57175
3.76770
3.48355
3.77183
4.27561
4.18730
4.68625
4.70607
3.51358
4.34662
4.51947
4.48131
3.87278
4.61969
4.18947
4.82503
5.44422
6.05783
3.81249
4.27484
5.16498
4.58389
4.84491
4.29056
4.83968
6.11228
4.60141
2.67850
4.23736
5.44905
5.27329
4.82191
5.06006
5.38340
6.66279
5.04344
4.98451
5.47442
5.03121
5.81894
6.30467
5.54652
4.99233
5.47078
5.72949
5.94516
5.90037
6.04451
4.91638
6.55380
7.80637
7.01243
6.00777
7.11931
6.36919
5.98308
5.39436
5.66883
6.07378
6.20529
5.80772
6.54860
8.01236
6.39390
4.84416
3.58216
4.07754
5.18554
5.77123
7.00594
7.21364
7.32624
5.65240
6.32067
6.06239
6.26788
5.37111
6.74171
7.09421
7.44799
7.47091
8.79929
8.24482
6.71250
5.40864
6.29802
5.07623
6.49006
6.42354
5.60184
5.56501
5.47309
6.88896
6.11061
5.52016
6.32554
6.44900
8.02965
8.40295
7.96566
6.44924
6.14696
6.41236
6.96181
7.43135
6.97972
6.90362
5.98859
5.38436
8.51554
7.94636
6.78557
5.50883
4.97239
7.63566
7.93270
7.71029
6.87432
7.53152
6.49642
6.31182
6.34893
7.07550
6.02806
7.86965
6.25664
5.46071
5.13807
5.34134
4.79196
5.06942
4.90670
4.94269
3.20694
2.40105
4.44824
3.28985
2.44143
3.06090
3.42052
2.86563
3.57164
4.44142
4.76376
4.71846
3.91317
2.88148
3.99956
4.35097
3.65383
3.92005
4.40394
4.35953
4.51943
4.98000
4.71892
4.84156
4.73161
4.64004
5.58608
5.18248
4.69022
4.71199
5.24078
5.49410
5.25927
5.73690
4.33540
3.12347
4.20246
4.96427
3.91062
4.37066
4.62324
5.09264
5.80779
6.16290
6.09848
6.03407
6.19505
6.16625
2.91609
4.84358
5.12343
5.87569
5.80778
5.46642
5.31626
3.32164
4.59958
4.59870
4.22822
4.54204
5.38985
5.23718
3.75942
4.85337
4.68432
5.14233
5.04668
6.04869
5.66252
4.76490
4.21715
3.79202
4.63652
4.16517
3.96504
3.54927
4.35914
5.61554
6.33464
4.89158
3.48306
4.15430
5.16966
3.78445
5.23111
4.60866
4.80966
3.92150
3.88247
3.36352
4.26078
4.76820
4.26688
2.80621
2.56562
3.29132
4.72981
3.61739
3.39909
3.41520
4.50156
3.59752
4.36405
3.01602
2.96575
3.46157
3.57913
2.68884
3.26074
3.23026
2.55156
3.03353
2.79528
2.50818
2.31468
2.28905
2.20491
2.65517
2.56800
2.56527
2.39901
2.99237
2.41879
2.70114
3.48715
2.63283
2.59673
2.30196
2.62549
2.69753
2.20434
2.73757
1.96662
2.41794
3.36087
2.27715
1.80752
1.74318
1.35634
1.64443
2.17155
2.10060
1.15137
0.98865
1.23638
1.59465
2.47981
2.59203
1.25012
2.56869
1.78529
2.03978
1.85782
2.11836
0.94523
0.88111
1.46671
1.89074
2.06464
1.42901
1.67927
1.90499
2.21131
1.58974
1.62341
2.11293
1.79516
2.19166
2.09384
