1.35317
1.32140
1.44379
2.12188
1.72207
1.44370
2.02484
2.31945
2.44020
2.53942
1.72312
2.08268
1.76485
1.53071
1.86144
1.70069
1.61405
1.18550
0.86413
1.29516
1.25821
0.33730
0.69960
1.37356
1.28391
1.38056
1.78768
2.11465
2.31950
1.04672
1.24947
1.33017
1.71583
2.25016
2.57169
2.88892
2.65810
3.05921
3.19324
2.85005
2.59230
2.69766
2.58662
2.53482
2.08783
2.58454
2.90533
3.87140
2.94391
3.46384
2.21872
2.64147
3.71669
2.94661
2.86533
3.60338
3.65968
4.29113
2.96427
2.86108
3.19035
3.40838
3.82697
3.51634
4.01104
4.01786
4.52964
3.47559
4.29895
4.30419
3.77583
4.97637
4.85102
4.30293
5.01951
4.33567
5.37242
5.08116
5.12600
3.98258
3.51047
2.83148
2.95069
3.68874
4.24228
5.91321
3.97086
3.78261
4.25308
4.32552
4.45914
5.20154
4.61247
4.82529
3.68452
6.47919
4.46337
5.60384
4.67322
5.10094
5.85125
6.12303
3.39035
4.32712
6.61522
4.51639
4.69340
5.58328
6.03353
6.89990
4.72787
5.66203
6.19907
5.12122
4.92876
5.54903
4.85086
4.94184
4.03085
5.13509
6.12308
5.74941
6.63514
7.39228
6.63926
5.08261
5.48427
4.16576
5.51992
5.16069
5.57498
6.42557
5.67148
6.52358
5.90925
4.86656
4.86046
5.41172
6.61396
7.20295
7.31887
6.98595
6.52607
6.41668
6.23224
5.33397
6.40415
7.00246
7.25115
6.09337
6.50116
6.21913
6.21262
6.63577
6.66306
7.83813
8.85116
6.94267
6.80481
6.94082
6.42339
1.75898
4.96937
5.58064
6.19400
7.41507
6.97341
7.44219
7.65440
6.80816
6.97741
5.75895
7.19469
6.73956
7.29317
7.25344
6.66507
6.60416
6.43981
5.94893
7.96581
8.53565
7.52793
8.10746
6.22841
7.14000
6.42498
5.34160
7.09453
6.54493
5.53571
3.97790
4.51002
4.26590
5.44311
4.74714
4.54803
5.07565
4.97308
5.69880
4.75992
3.33095
3.17167
4.12286
3.71397
3.02988
4.52461
4.08592
2.74886
4.50262
4.42156
3.20518
3.86250
2.89552
3.62170
2.84441
2.46320
2.83323
3.39455
4.17754
5.05859
4.44362
4.95903
5.68384
5.74524
5.22038
4.99097
5.05130
5.01934
4.47068
5.38250
5.17023
5.92299
5.12227
4.35714
4.09194
3.05861
4.12541
4.04527
4.72398
5.34906
5.65198
4.79411
4.89666
5.86100
5.55808
4.48077
3.98171
2.48816
3.81960
4.05978
3.83822
4.50046
4.50445
4.10053
4.80226
4.15009
4.55162
3.65954
3.76462
4.23510
4.93799
4.72011
4.34515
4.53319
4.02222
3.77322
3.50344
3.43335
4.27113
5.30716
5.43688
3.34605
2.02595
3.21934
3.37672
4.36091
4.88770
4.74225
3.34203
5.00778
4.93908
4.00703
3.98758
5.13692
4.74315
3.32904
3.25074
4.72351
4.08289
3.59396
3.21353
4.81075
4.64609
3.97575
4.14316
4.45029
3.03384
2.78793
3.30516
4.01533
3.91655
3.92255
2.60140
2.57417
2.57719
3.32539
2.49259
2.76286
3.41340
2.29898
2.15763
3.07316
2.74626
3.17984
2.32402
2.29644
2.13093
3.00922
1.77653
2.42324
2.03111
2.25446
3.07844
2.78319
2.35357
2.26294
1.05028
1.38818
1.43417
1.53489
2.07975
1.05725
1.15611
1.35589
1.48564
1.72589
1.67876
2.10191
2.02193
2.04188
0.95904
1.52834
0.55502
0.94157
1.11277
1.45010
1.48581
1.33299
1.45103
1.89186
1.74397
1.77566
1.61329
1.32423
1.41093
1.68356
1.86362
2.05813
1.62318
1.68443
1.08501
1.57645
1.69029
1.95717
