1.73878
2.52991
1.86760
1.27601
1.23759
1.43638
1.41104
1.31647
1.90366
2.01962
1.53813
1.65832
1.43395
1.52368
1.79833
1.78954
2.18665
2.15972
2.91979
2.23133
1.71231
1.70906
1.98856
2.60130
2.61204
2.34979
2.23011
2.55682
3.13498
1.90605
1.91158
2.13373
2.29961
4.07051
1.35080
1.77253
2.29956
1.94734
2.50071
1.90512
1.86008
2.26972
2.23637
1.82354
2.32974
1.85690
2.05478
1.37301
1.42362
2.06891
1.82536
2.02843
2.61761
3.41147
3.25206
2.29978
2.58932
2.33863
2.59241
2.84132
3.04734
3.51427
3.94106
3.86217
3.52579
2.55617
2.88300
3.34245
3.78651
4.07338
3.54587
3.45875
3.25945
2.09654
2.57026
2.88341
3.53862
3.36342
4.08317
4.13031
3.92632
4.19178
5.49229
6.26606
1.91569
3.49870
4.44909
1.83648
1.97181
3.04829
3.96193
3.14646
4.22435
4.56586
4.62284
3.72177
3.68375
3.91322
4.15813
5.46505
6.63254
4.02071
4.56219
4.93620
3.43266
3.88982
4.02910
4.55588
4.75648
4.78217
5.66484
4.73968
6.35540
6.64179
5.65842
3.68235
4.41951
4.87859
4.92623
5.20314
5.18095
5.69443
5.82331
5.76884
5.91466
5.27064
5.68699
4.81124
5.20740
6.71891
6.25693
6.87794
6.10676
4.32791
5.14593
6.70534
6.32684
7.11404
6.49183
4.64390
7.29357
6.56565
6.08731
5.72931
6.23733
6.66563
5.68611
6.09043
6.64510
7.02500
6.23230
6.50310
6.66053
7.60405
6.22841
5.51835
6.88785
7.78851
6.48679
7.03789
2.32325
5.57477
5.54038
7.05117
6.73917
5.90985
7.67762
7.40266
6.08539
6.52587
7.31716
6.87963
6.57723
6.83824
7.11860
7.36360
7.14910
6.90301
6.53366
6.76204
7.34415
4.74713
5.44750
4.64961
4.33886
2.16493
3.30925
3.28678
3.13343
5.05963
5.20956
5.54299
5.81577
6.03567
6.12313
6.40893
7.46130
5.53314
5.24166
4.84991
4.06227
3.86223
3.18734
3.75430
4.17345
4.41192
5.02040
4.76566
5.09877
5.04371
5.25697
3.90597
3.38346
4.43035
4.71781
4.67825
4.98686
4.44626
4.39807
4.95339
4.05572
4.05746
4.37124
4.25416
4.37581
4.72111
4.89976
4.06451
4.21997
4.40179
4.26425
5.30338
5.98266
5.82636
4.56386
4.32954
4.45351
4.13861
4.34856
4.85199
5.59834
5.44143
5.41453
5.53972
6.17704
2.70214
3.03507
5.04748
5.63114
5.11890
4.38668
4.72326
4.39134
4.46124
4.50268
4.09422
4.27416
4.38148
4.07173
3.43042
3.50090
3.60739
4.39778
4.31352
4.18046
4.29322
4.90728
5.11767
4.75580
2.98972
3.64516
4.14634
3.82115
4.11138
3.85501
4.30661
4.30774
4.05877
4.30197
4.31478
3.47879
3.71850
4.12726
3.54905
3.76749
4.20380
4.85961
5.30475
3.80930
3.07284
4.39509
3.46292
1.98654
2.13159
2.04415
2.10551
2.29025
3.06619
2.56482
2.56652
2.37208
3.25642
2.53227
1.93682
2.07766
2.46313
2.44051
2.26467
2.82627
3.15963
2.32862
3.24305
0.95736
1.86965
2.76632
2.07632
1.86798
2.06304
2.11211
2.24307
2.96270
2.69282
2.13768
1.15691
1.90204
1.94926
2.47584
2.22350
2.16436
2.12021
2.74211
2.60234
1.41644
1.96602
2.05387
1.88226
1.26434
2.17649
1.78592
1.59533
1.17171
1.44235
1.63500
1.00810
1.20318
1.58041
1.91080
1.75503
2.34661
2.10605
1.96154
1.61633
2.31613
2.64520
1.43206
2.02107
1.61657
1.56297
1.54823
1.77055
1.58080
1.91488
1.88099
1.67364
2.33677
