1.48875
1.42531
1.54059
2.03504
1.92975
1.64663
2.16373
1.70916
1.85807
2.16282
2.14293
2.43127
1.92551
2.20456
1.82950
2.86461
3.99437
2.13823
2.70964
1.62509
2.69713
2.30326
1.75144
1.71088
2.41347
2.14238
2.17520
2.45912
2.50727
2.76369
3.34892
1.11124
1.76493
1.85749
2.38650
2.37032
1.84322
2.60770
2.91014
3.05790
2.55608
3.59967
2.50250
2.03369
2.22544
2.79166
2.79827
2.95554
3.75326
3.26279
3.35740
3.11806
3.50896
2.27708
2.84637
4.44595
2.00596
2.43454
2.81544
3.04156
2.96001
2.95477
3.06188
4.09175
4.08961
3.32603
3.78205
4.01854
4.12497
3.56196
4.15675
4.83727
3.80235
2.37545
2.70216
3.47080
4.48117
4.08188
4.10127
4.00286
4.14335
4.77380
5.55378
4.25800
4.31278
2.81647
3.38496
4.73237
4.56498
3.77235
4.45156
4.40800
5.72713
4.65278
2.94065
2.97873
3.95836
3.94866
5.25794
4.72256
6.32588
5.02733
5.15660
5.64607
4.79321
5.30691
5.70265
6.45227
6.06826
5.34919
5.34103
5.47037
4.40422
5.43375
6.60232
6.85613
5.86019
6.69737
6.88585
5.71305
5.88677
6.25837
5.87849
6.33157
6.25908
5.94490
5.87268
6.30152
6.25788
6.77697
5.32550
5.43960
5.89427
6.54771
7.14648
6.57786
6.71815
6.49122
6.56303
7.92679
7.21551
6.74466
7.31352
7.46780
7.42283
6.20774
5.75213
6.21083
6.67590
6.85252
7.29211
6.48156
5.53643
6.06304
6.35528
7.02258
7.06996
7.12663
5.86536
4.86007
7.67673
8.12449
6.33261
5.51541
4.34119
4.16832
4.55006
5.18462
6.99950
7.05842
6.80658
5.99211
5.74321
6.55067
7.48560
5.61726
6.20669
5.82802
5.81481
3.77419
5.03266
6.40433
6.13387
5.09368
4.36095
4.56753
5.06882
5.14657
5.16944
4.68702
3.94107
5.09474
5.46145
5.57422
4.72699
3.57404
2.86837
5.17079
5.02713
5.46978
5.24112
5.11965
6.35979
6.59931
5.87353
5.70322
4.63482
4.51577
4.72213
4.92535
4.80877
4.73878
4.36212
3.44483
3.27545
4.56241
5.02906
4.59442
4.60158
5.15855
5.18373
4.91681
4.30333
4.54610
6.64129
5.63607
4.88208
5.11780
5.87201
4.90359
4.19044
3.86829
3.92010
3.90719
4.56483
5.66668
5.30672
4.22511
3.60776
3.67405
4.09986
4.83252
4.10523
4.81969
4.45825
4.32474
3.79672
3.03551
3.63166
4.14993
4.26514
4.47004
4.29711
3.19451
3.07512
3.68775
2.88425
3.32055
4.44573
4.52776
4.76776
4.64258
4.02064
4.30757
4.14583
4.40675
3.79064
2.69666
3.49555
4.67074
3.99956
4.33650
3.82968
4.54123
4.60892
4.09775
5.07056
4.07736
3.83412
4.09650
4.02646
3.25107
3.43053
3.32970
3.89707
3.74335
3.64116
2.73926
2.85166
3.76760
3.26043
4.08838
4.66322
3.84852
4.05676
3.18631
3.26388
2.74079
4.33460
2.65639
0.92233
1.96257
2.22866
3.48675
2.87865
2.34605
2.81034
3.45582
2.57381
3.39119
2.81391
2.68513
3.16030
3.11417
2.87688
2.47884
2.65511
2.24756
3.19031
4.03768
2.04037
2.00531
2.05179
2.18240
2.55646
2.52104
3.27411
1.94472
1.76709
1.75555
2.08129
2.43574
1.21067
1.00770
1.70829
1.48597
1.71468
1.84654
1.91258
2.33759
2.36973
1.82628
2.05046
3.20341
2.16580
1.58009
1.81582
1.69192
1.99342
2.04193
1.79839
2.04010
1.64192
1.65338
1.90760
2.65630
2.71590
1.85390
2.13566
1.77281
2.18230
2.25802
1.74312
1.65064
1.83014
2.02097
