2.02611
2.40175
1.93438
2.21290
1.74221
2.27036
1.83033
2.53839
1.96445
2.27265
1.82172
2.73464
2.21132
2.51738
2.33004
2.29626
2.24110
2.23479
2.00877
2.25219
2.91139
2.95158
2.28785
2.15925
2.48297
2.55430
2.33315
2.21579
2.33042
3.90408
3.85699
1.89692
2.09535
2.36579
1.97086
2.29729
1.95336
2.33108
2.59960
3.24119
3.51078
2.95476
2.82412
3.76034
3.38990
3.95921
3.87757
3.39386
3.38342
3.52869
3.50020
2.98637
3.70066
2.91905
3.07989
2.40469
3.44261
3.98167
3.99763
1.97844
2.59645
2.87485
2.98874
3.21959
3.53924
4.13808
2.88923
3.73004
3.81201
4.08233
4.11427
4.22331
4.06482
4.99866
4.09109
5.08877
4.99125
4.02458
4.27865
5.12860
5.03008
4.14801
3.76091
4.17338
5.63605
4.62613
4.24859
4.21113
5.84270
5.43605
6.22270
5.57530
4.08148
5.02396
4.44976
5.24619
5.07356
4.67471
5.27667
5.52918
5.51291
7.18543
6.06529
5.09403
5.20244
5.76886
5.28002
3.38644
3.43465
4.00720
4.52304
6.44240
6.60442
5.70560
7.25916
5.99706
5.16963
5.86480
5.72539
6.38480
6.01519
4.72901
4.90298
6.49630
6.81786
7.74231
5.67980
5.21503
5.77508
6.99265
7.53149
5.61942
6.11506
6.75700
5.82758
6.26623
6.75977
7.88121
7.73332
7.73517
7.28121
7.08801
6.55355
5.33528
4.63336
6.59710
5.21767
5.91224
5.26721
5.34957
7.54980
6.84727
6.39030
7.08609
7.48885
7.56010
7.24060
7.32183
6.93133
6.13505
6.73442
7.22421
6.39545
6.45936
8.17181
8.32110
7.54218
6.47474
6.45050
5.37084
5.43675
7.22235
7.41653
7.15096
7.20459
7.23177
8.10768
8.07357
7.09732
6.82148
7.18963
7.46332
6.14189
6.28918
3.71210
4.21101
4.52586
4.23753
4.35306
4.83153
4.85431
5.42545
5.16337
5.28000
4.64164
3.60152
5.31610
6.17142
6.56594
5.84977
5.79532
5.31880
4.68453
5.58684
6.94436
4.80826
6.12566
5.27588
2.98444
5.19708
5.04782
4.20891
3.09812
2.47962
3.63614
3.71805
4.27592
4.62092
4.54750
4.80719
5.23730
3.93729
5.51021
4.10787
4.11871
3.11442
3.95168
4.77807
4.83060
4.15575
2.88027
4.04005
3.95175
3.94592
4.70683
4.56516
4.00306
3.37274
4.30745
5.39383
4.44743
4.75458
6.05010
5.46733
4.67759
4.69650
4.18172
2.89794
3.47119
4.43781
2.09651
4.48713
4.82106
3.83015
4.72060
5.14344
5.04564
4.40598
2.05304
0.75623
1.26218
2.02718
3.17421
3.11930
3.04653
3.37267
3.94562
3.85250
3.70327
3.14644
3.80722
3.55203
4.00966
4.23703
4.04796
4.54469
4.72116
4.67177
3.43092
3.92753
2.45692
2.86919
3.25666
3.38706
4.12948
3.59954
4.11636
3.84880
3.91144
2.62078
3.88149
3.09103
2.91010
2.22321
2.99324
3.18479
3.25679
3.20520
3.81662
3.05079
2.72418
3.18295
3.45403
4.10319
4.53568
2.35567
2.60061
2.77177
2.58795
2.78039
2.08787
3.13220
2.21663
3.62878
2.71791
2.69368
2.34334
2.75226
2.61647
2.04101
2.09258
2.01522
1.90248
2.36250
2.16581
2.35444
2.72008
2.85442
2.08088
2.46903
2.81633
2.09363
2.68090
2.60650
1.97399
2.16212
1.55082
0.23095
1.27056
0.78157
1.74984
1.80639
1.84525
1.71336
2.08576
2.68654
1.20462
1.41621
1.60123
1.76840
1.40774
0.66439
1.11261
1.35527
1.73640
1.73418
1.79006
1.68392
3.38516
1.75315
1.42082
1.40124
1.59697
2.89860
2.92153
