1.36320
2.09931
0.87519
1.45923
1.83661
0.67171
0.71523
0.95157
1.09669
0.81539
1.45706
1.79332
1.42673
1.41001
1.25636
1.05960
1.08975
1.01263
0.82818
1.49133
1.84858
2.01068
2.01707
1.84000
2.10168
1.89921
0.98971
1.74543
2.08260
1.94666
2.38980
2.06191
2.01174
2.18456
2.17101
2.39755
2.65797
2.73827
1.99320
1.82237
1.66453
2.04369
2.35878
1.43152
1.36018
1.74899
2.28544
2.58473
1.27753
2.27553
2.11632
2.29200
2.35069
2.82266
1.46978
2.49249
3.09716
2.58436
1.28501
1.89268
2.36272
2.98440
2.50983
3.08317
3.31950
3.34341
3.76499
3.81249
3.92319
3.94279
3.83803
3.27644
2.83460
3.95669
4.15289
4.79422
4.53104
3.85974
4.14335
3.80167
3.25220
3.48018
3.83345
4.58776
3.62668
3.40049
3.93831
2.02328
3.58265
4.05583
4.40035
4.98606
4.67056
4.54151
5.89556
4.78038
4.56498
4.44799
4.75676
5.46395
5.69453
5.67223
3.62599
4.92355
4.47384
4.60000
5.07256
5.89112
5.69109
5.20803
4.98000
6.70135
6.99523
5.96231
4.52824
4.78715
5.53538
5.39233
4.48409
6.34859
7.22918
5.50144
6.29968
7.63958
6.16397
5.53024
6.16093
7.08049
5.25982
6.81537
5.63713
5.52277
5.88824
4.83765
4.17669
5.13231
5.59014
5.33917
5.69877
5.32206
6.69839
6.44039
4.66570
4.84486
5.45384
6.24602
4.43371
5.65399
6.22036
5.43459
7.13320
7.09951
7.86911
7.16187
7.34944
8.33709
7.03794
5.96772
5.99697
5.93185
5.72690
6.38983
6.25575
5.83492
6.30210
6.68122
5.88500
8.35589
7.47190
5.83915
7.58942
6.96592
6.94176
6.61509
6.73681
6.52547
6.21149
6.01748
5.83488
6.86095
6.59890
6.55752
5.31467
5.35469
6.39135
6.03329
6.40721
5.87048
5.73274
4.27516
3.15847
2.57697
2.46386
2.76500
3.76989
3.87880
2.83066
4.48760
5.69274
6.08716
6.17576
6.37091
4.50265
5.44056
6.26892
6.05484
6.42942
5.63377
5.46769
5.50620
4.35561
4.85780
4.15829
4.57072
3.81711
3.87490
3.97793
4.18685
4.05887
4.04290
5.19365
5.04121
4.81488
5.07705
4.54965
3.68833
4.49897
4.72044
4.17232
4.56367
3.86118
3.63827
4.46925
4.40982
5.22544
4.42784
1.87937
2.57519
3.18938
2.37741
2.52859
3.15515
2.35772
3.86476
4.19792
4.82278
4.61925
4.96886
4.40980
4.44031
4.96076
4.74198
5.29126
4.29378
2.93579
4.90183
4.30673
4.99831
5.48193
5.56410
4.78708
3.97914
4.61018
4.41169
4.80174
3.59226
2.72974
4.75829
4.25949
5.15461
5.10253
4.51961
3.46452
4.26695
3.70081
4.23167
3.80762
3.98914
1.88653
3.70901
3.75010
3.19855
3.16198
3.69802
3.93753
3.38122
3.86597
4.04766
3.83099
1.84835
2.72039
2.16103
3.17689
3.73116
3.04403
2.96187
3.00069
2.64043
3.12671
3.16883
2.44162
3.03227
2.44067
2.19680
3.12236
2.82958
2.47759
3.29394
2.98359
2.33627
2.55509
2.34113
2.47552
3.29679
1.82620
2.43725
1.24866
1.72260
0.88923
1.56625
1.44388
2.24850
1.86206
1.99203
1.94160
2.57971
2.48273
2.24128
1.96196
1.83514
2.19838
1.92475
2.04540
2.78112
1.78248
2.12562
2.10600
1.83602
1.97610
2.48515
1.96963
1.63011
1.74088
2.21513
2.16563
2.12761
1.48629
2.30652
1.87618
1.35752
1.70636
1.82352
1.23363
1.34021
0.36278
1.42626
1.94661
1.70406
2.00091
1.85638
1.62784
1.23111
1.55286
1.58262
1.39979
