1.70599
1.53130
1.59153
1.68669
1.86866
2.33608
2.43770
1.81536
1.86887
2.53879
2.60490
2.67450
2.31696
1.65906
1.87504
2.12440
2.15531
2.45560
2.27881
3.10211
2.63376
2.45798
2.64255
2.64671
2.51181
2.92116
2.30230
2.84993
2.57629
3.27534
2.21747
1.50705
1.33179
2.06021
1.06763
2.07725
2.69944
1.81585
1.47668
0.99156
1.57887
1.96114
2.53360
2.17572
2.95268
2.90931
2.14008
2.50041
2.86281
3.43424
3.23976
3.22918
3.17996
3.63097
3.65710
3.64037
3.95897
3.37967
4.07005
2.95159
3.64868
2.64875
3.45593
3.76323
3.69799
3.83644
4.54410
3.87913
3.16931
2.55515
3.14399
3.32851
1.32123
3.31622
3.86909
1.83792
2.14407
3.17472
3.87925
4.50224
4.04833
4.13380
4.70988
4.04312
4.11580
5.02122
3.85431
4.33616
4.25559
2.96505
4.45100
5.33404
4.57115
4.30817
5.48385
4.39414
5.45139
5.26816
5.06556
4.77085
5.57516
5.22930
5.98490
4.44560
5.14605
5.71952
5.49896
4.73608
5.09520
4.74652
4.74178
5.37713
4.37303
5.42370
4.70630
6.24722
5.50311
5.03092
3.54392
5.04437
4.62980
4.43686
5.24475
6.95329
6.42603
7.50620
6.06465
5.09290
5.17625
5.20646
6.03833
5.72737
6.26519
5.85517
6.68286
6.43853
6.12210
6.43768
5.47276
5.35381
7.15858
5.30070
5.99401
4.32117
5.70990
7.11440
6.08204
5.23301
5.36510
4.06595
4.88609
4.96218
4.89461
4.56105
5.93312
4.51586
5.02940
4.96033
7.31644
6.73719
6.98357
5.35939
6.30588
6.82255
6.62538
5.95779
5.78341
5.43084
4.50486
5.93559
6.32947
6.24244
5.99827
5.12051
4.55088
4.11763
5.30737
4.48860
4.01043
4.60447
4.72085
4.86701
3.85394
3.54987
5.26386
5.39052
5.03923
4.19052
3.16680
3.45696
5.50004
5.19776
5.12036
5.34545
3.92143
1.92024
2.73133
2.81565
3.04670
4.84896
4.54641
3.43324
4.08407
4.57035
4.67778
5.09732
5.57316
5.90560
5.92900
6.31928
6.76814
5.26876
5.54759
4.95537
5.05315
5.31834
4.92823
4.61197
4.37089
4.05995
3.45080
2.63164
3.51629
3.46539
3.84836
4.41848
5.01289
4.64962
4.35849
4.17694
5.47665
5.22681
5.36737
4.43953
3.62880
4.07786
2.96582
3.22064
2.97364
4.36706
2.74861
3.32473
3.82958
4.16389
3.95763
4.12059
4.73281
5.09515
4.86386
5.64167
3.92414
3.44813
5.18964
4.33917
4.97204
4.99876
4.76607
4.34461
4.96219
4.72735
5.34937
6.02036
5.23130
4.63446
4.09012
2.33911
3.84061
4.31310
4.51671
4.63566
5.08278
3.71211
3.47628
5.37997
3.42900
3.32039
3.04284
2.73221
3.37333
2.65939
3.12035
3.93612
3.48623
2.67801
2.23861
2.88786
3.29318
3.50421
3.20865
3.06059
5.02144
4.83590
3.85550
3.14358
3.01738
3.39946
3.23447
3.13559
2.81455
2.66590
2.74360
2.92022
2.76273
4.30620
2.79823
0.60541
1.46620
1.25084
2.12826
2.85298
2.85766
2.39880
2.26623
2.28250
2.20528
2.38629
1.87292
2.01045
1.52442
1.31801
2.08189
0.42200
1.73749
2.06841
2.14604
2.15730
2.04124
1.67041
2.43421
1.75497
1.97973
2.26495
2.41176
2.41424
1.94712
1.92003
1.86321
1.94041
1.51398
0.80945
0.73319
1.15088
1.26972
0.62006
0.99189
1.35491
1.53462
1.47162
1.45617
0.79629
0.66510
1.01547
1.38819
1.30620
0.28693
0.87850
1.27283
1.28340
1.12978
1.35744
1.30135
1.22034
1.58126
1.49723
1.35279
