1.98335
2.11086
2.42142
1.15032
1.53670
2.46030
1.95285
1.99329
2.48557
1.55713
1.71728
2.10445
2.44300
2.20073
2.38529
2.08844
2.05240
1.96720
2.75505
3.07215
2.05599
1.87602
2.46637
2.98722
2.84109
2.87303
2.72495
3.23436
3.48633
2.66517
2.91763
2.73880
2.45333
3.30505
2.58375
3.06873
3.56776
2.90788
2.83654
3.68049
4.37105
3.37050
3.66892
3.40215
1.28909
0.40930
0.40277
1.78915
2.29552
2.70002
1.76035
2.47333
2.39217
3.07059
2.32424
2.57266
3.76366
4.02355
1.65414
3.12169
3.73727
4.19587
3.82349
3.38555
3.36924
3.65914
3.41932
4.08030
2.94234
2.99214
3.57473
3.72304
4.35424
4.08018
4.32362
4.61570
3.40422
3.83645
4.21557
4.37098
4.77399
5.10855
3.69187
5.23371
4.71552
3.56148
4.49053
4.75276
4.68911
4.56736
4.66388
5.97561
4.97465
5.02701
5.12688
5.98504
5.79261
6.21993
5.08075
4.85757
6.53624
7.54960
5.76462
4.71198
5.38780
6.97529
6.72346
5.55200
7.34200
5.55151
4.57239
5.42854
5.39999
5.66553
5.38484
4.24391
5.57447
5.47958
7.38554
7.26566
7.11293
5.65452
4.96705
5.78407
6.99588
6.10944
6.09568
6.65654
6.13507
7.17557
8.34105
8.57971
7.49460
6.90560
6.85128
5.76243
7.74722
6.60394
6.05625
6.56972
7.76550
7.45464
6.80896
6.61586
6.26692
7.60076
6.44053
6.60486
6.27297
7.60786
7.48129
7.03173
7.52339
7.52175
6.88114
6.75769
6.29415
6.16153
5.90859
5.23518
7.74479
6.82893
6.44039
6.86156
5.74576
3.54409
3.27472
5.70343
6.45345
6.77771
7.05423
7.30177
7.75004
8.00213
7.57677
7.09262
7.47562
7.37349
7.27220
6.45481
7.52536
7.39009
7.05087
7.22167
6.55953
7.74812
8.19289
6.27088
6.08264
5.08353
4.44692
3.61367
3.77378
5.05639
3.66257
4.21037
3.80077
5.30894
5.02855
5.47020
5.37299
5.39417
6.12319
6.47431
6.59874
6.04624
6.26758
3.64549
4.41423
4.72936
5.38357
4.59704
5.23561
5.52373
5.55303
5.98000
5.10877
6.47180
4.81615
4.55964
1.69142
3.01732
4.36025
4.71209
4.88463
4.26892
4.48634
4.07588
4.65287
5.31764
5.67468
4.72974
3.43612
3.75185
2.69637
1.88637
3.18101
3.68218
4.62694
4.72066
5.02672
4.14486
4.42741
3.04539
3.38075
3.95906
3.61474
3.46174
4.15607
4.46265
4.37895
5.04698
5.25721
4.04507
4.80314
5.25182
4.56107
5.12307
3.91560
4.74339
4.20421
1.73232
3.40688
4.40719
4.78694
4.04494
3.35825
3.47370
3.95519
4.02092
4.28453
4.20957
4.29871
1.88858
4.09827
3.85043
4.14307
4.48171
5.00425
4.01960
2.86510
3.12456
3.65184
3.56187
0.73152
2.00489
2.26669
2.49414
2.01507
2.81269
2.73457
2.47220
3.31804
3.01348
2.37265
0.75717
2.50782
2.79204
2.68867
2.71643
2.75580
3.16436
3.10574
2.76657
2.63685
2.40928
2.96801
2.65059
3.22164
3.15399
3.02424
3.06010
2.93769
2.53734
2.83008
2.59495
2.50013
2.45259
2.18681
2.09338
2.17627
1.88640
2.03185
2.65850
2.11208
1.23927
1.52442
2.41110
1.96980
2.06455
1.83491
2.61781
3.09106
2.05356
1.78998
1.57245
1.38544
1.80012
2.22127
2.02523
0.55165
1.14855
1.54782
1.59844
1.40262
1.84445
1.63528
1.86750
1.12607
1.16923
1.13654
1.73977
2.45019
1.68914
1.99357
2.30095
1.88736
1.80494
2.72491
0.92788
1.45700
1.08721
0.81792
1.06279
1.78973
