1.47601
1.42945
1.44696
1.97053
1.97065
1.58798
1.47775
1.78063
1.74821
1.87660
1.74960
1.81397
2.02062
1.98068
2.57837
2.38757
2.04140
0.52310
1.16068
0.94650
1.47048
1.48441
1.71739
1.97884
2.06164
2.58042
1.95256
2.40735
2.70994
2.42149
2.70060
2.34974
2.23246
2.21310
0.44933
1.00178
1.86921
2.16398
2.47803
2.65388
2.94144
2.85908
2.75188
3.61224
3.09772
2.52989
3.46281
1.90612
2.65735
1.61399
2.67514
2.94535
3.07080
2.79339
2.68511
2.50894
2.48457
2.82299
2.99515
3.70770
2.97437
0.69891
1.27710
2.21358
2.96443
3.23794
3.73685
3.34964
3.86191
4.49521
3.46619
3.34952
3.18515
3.61406
4.32257
4.42142
3.62254
3.77771
4.45442
4.36933
4.54092
4.61757
4.02807
4.90914
4.31442
5.38747
5.93816
5.98291
4.22663
5.70894
4.30293
3.84026
4.28582
4.41708
4.67913
4.36518
4.64998
4.06678
5.15296
5.66496
5.17246
4.46093
5.40921
3.28945
3.93411
3.98117
3.14455
3.07240
3.57883
4.40024
5.41213
4.12554
4.07638
4.89851
4.76384
5.09357
5.09374
5.63468
2.56841
4.76672
6.06394
6.45127
5.05003
5.12761
6.53168
7.69663
6.05877
5.72819
5.36260
5.14214
5.89084
6.44215
6.50378
5.29702
6.15221
5.70183
5.02454
6.53521
4.48476
5.16571
6.67009
6.54436
5.09768
5.62269
4.54994
5.45970
5.05484
7.42813
6.59520
8.10049
4.95738
5.29046
5.33869
5.82669
6.45197
6.94604
6.45786
7.86509
6.80177
5.27418
6.20563
6.31039
7.84779
7.90848
6.49463
5.15149
7.04007
7.18425
5.54509
4.02357
5.02516
6.11252
7.20329
7.09446
5.50445
3.88460
3.30684
4.18643
4.38516
4.78920
5.62424
5.67677
4.90059
4.56863
4.84758
4.80151
4.34045
4.23218
4.62251
5.18907
5.14252
2.95538
3.84590
5.22568
5.27939
5.36445
5.13724
4.87316
4.53374
3.88818
4.27368
5.14059
5.38163
5.97237
5.45958
5.58221
5.44859
4.77248
4.68894
4.78095
4.12781
3.64742
4.05187
3.53324
3.17520
4.39007
4.16577
2.78732
3.30867
3.89214
4.60313
5.01057
4.57085
4.04785
4.07124
4.99835
5.27331
4.24562
4.40180
4.89005
4.51583
4.46480
3.56617
2.40205
3.56506
4.55471
4.80994
4.69655
4.49651
3.10276
3.85134
4.52198
4.11655
4.58640
4.54093
4.11747
5.08246
5.46479
5.08468
5.10119
4.57666
5.24019
4.78004
4.98678
2.93567
3.59996
3.79645
4.76701
4.14852
4.65838
4.44782
5.62650
4.58958
3.16231
4.01974
4.45044
4.11317
3.10347
3.54483
3.88387
3.84249
4.63283
4.20002
4.47161
4.25946
4.86083
3.93809
3.98469
3.41818
2.88336
3.29866
3.54670
3.40151
3.00587
2.68836
2.91986
3.29040
2.38015
3.28453
3.31705
3.13997
2.81501
2.61487
2.24342
2.45965
2.59187
2.98649
2.75995
3.14264
2.93010
2.66688
2.21979
2.69387
1.44804
3.34801
3.81668
3.31131
3.13570
3.05827
2.30802
3.49014
3.14770
2.94873
2.46335
3.03692
2.86971
2.17926
2.79061
3.94314
2.37790
1.79918
3.22075
1.81906
1.88928
1.94391
2.01161
1.74261
2.37441
3.51622
1.72090
1.02266
1.48309
1.59388
1.83253
1.94649
2.31330
1.96998
1.94726
2.33543
1.72440
1.78723
1.50166
0.45955
1.03341
0.73693
1.24682
1.61397
1.52455
2.07141
2.66514
1.90143
1.84626
2.17425
1.81787
1.38311
1.92310
1.71375
1.85977
1.79248
3.37558
0.98189
1.08654
1.78065
1.41887
1.19739
2.12348
