1.72687
1.97431
1.01915
1.26078
1.47244
1.47799
1.63132
2.03019
2.18016
2.25019
2.13689
2.51617
2.28514
2.36353
1.92483
1.69821
2.11896
1.19270
0.86286
1.12019
1.68915
1.77049
1.53317
2.20635
2.30409
2.89237
2.93444
2.42251
2.60587
3.36227
1.78450
1.24853
1.37886
1.63400
2.55622
1.70036
2.38232
2.97809
1.23429
1.46012
2.38882
2.72225
2.17262
3.42104
1.87407
1.67320
1.82664
2.54029
2.98124
1.31727
1.92064
2.53939
2.72699
3.09921
3.57520
3.13966
2.76175
2.74765
2.51614
2.59804
2.72014
2.46954
3.01635
4.07112
3.06167
2.76839
3.83170
3.20003
2.14071
3.25239
3.32415
2.83585
3.10515
3.54891
3.58364
3.62115
4.19019
4.51801
3.81064
4.58172
3.72113
4.01883
4.37842
4.61202
4.62537
5.22180
4.57557
2.88417
2.75707
3.61334
3.46099
3.89913
4.14691
4.91709
4.03433
3.52987
3.51248
4.86403
4.93689
4.54618
4.61757
5.71713
5.57737
4.41033
5.53198
6.34534
5.52431
5.20969
4.72577
5.51500
6.28024
5.94698
5.90155
4.28422
3.82190
5.36439
6.18252
7.14636
7.98955
7.29793
5.80667
3.55359
4.47586
5.42971
6.27085
6.29545
5.88541
7.09258
5.72759
6.57230
7.01982
5.86309
6.79781
7.15969
6.90689
4.66907
5.67351
7.20389
7.67860
6.09335
5.24090
6.09335
5.96585
7.83504
7.31225
6.86544
5.97914
8.17470
5.83113
5.75379
6.72227
6.94308
5.49841
5.97045
6.38904
7.51233
7.02148
3.42103
4.59224
5.41700
5.40055
6.06298
7.24734
8.03903
7.99625
7.35649
6.49269
6.91807
5.96487
7.01026
6.85085
7.05742
6.39492
6.17573
5.79583
4.91355
5.76174
6.55803
5.29360
6.42324
7.45187
8.04343
3.96569
4.00438
4.57267
4.26741
3.90827
3.58217
3.21464
3.64165
4.56017
4.93753
5.55478
4.97486
4.05822
2.46229
3.39965
4.65620
5.13635
5.01144
4.93205
4.94096
4.46518
4.77836
4.51582
4.02822
5.49713
6.17774
5.86182
5.81740
5.80918
5.47217
4.02850
3.27069
4.00517
4.54102
5.87768
3.76292
3.00605
4.84875
5.15267
5.98142
5.04644
3.21191
1.35444
3.29380
3.63867
4.17346
4.11994
4.04479
4.72168
4.60073
4.45152
4.12093
5.54781
6.12935
5.44906
4.43293
4.49479
4.56203
4.77601
4.46901
3.86349
3.88995
4.13641
5.06798
4.24770
3.40683
3.69001
4.13916
4.64681
4.59453
4.77328
4.27592
4.98581
4.37035
3.77646
3.25905
3.67790
3.97689
3.87006
3.70566
4.18170
4.12524
2.80191
3.23969
3.47524
3.58277
3.79678
4.91716
5.22733
3.17454
1.72618
1.70817
2.48530
3.65497
4.14944
3.45691
3.21198
4.14359
4.01971
4.06528
3.19289
4.23843
2.98124
3.88391
3.55141
3.14466
3.17462
2.72544
3.95296
4.52730
3.85718
3.40293
2.79817
2.78735
3.23864
3.35745
2.87768
3.07935
3.99416
2.85932
2.51771
3.34559
2.54082
2.78183
2.30543
2.26411
2.71560
3.53983
1.73657
2.42683
2.56399
2.30459
2.56566
2.53394
2.42651
2.32216
2.24275
2.89914
2.14719
2.74984
3.08313
2.02088
1.98962
2.15504
2.39783
2.19593
1.38542
2.01638
1.95457
2.03506
2.41369
2.05941
2.25092
2.26375
2.24083
2.35248
1.86182
2.17570
2.24368
2.13998
1.74631
1.85556
1.94024
1.92079
1.74791
1.45796
1.10819
0.42334
1.34828
1.24822
2.22725
1.29724
0.85679
0.54179
0.84756
1.21626
1.36914
1.42074
1.07206
0.74718
1.59374
1.37387
1.40882
