1.29608
1.22532
1.23140
1.46857
0.77785
1.20684
1.27255
1.39244
1.65871
1.22903
1.41251
1.74930
1.96660
1.96191
1.91859
0.90325
0.86664
1.38387
1.75543
1.92176
1.09486
1.36388
1.29890
1.70436
1.86329
2.19594
2.25200
2.28429
1.91161
1.92409
2.55635
2.29226
2.28343
2.15518
2.88322
2.79637
3.32903
3.55133
2.47098
2.56321
2.20464
1.26165
0.58665
2.68699
2.79635
2.17264
2.95724
2.79508
1.49663
2.26140
2.60562
2.88254
3.44328
3.06297
3.51873
2.37510
2.44123
2.67435
1.70323
1.88507
2.64535
3.02052
3.21585
4.05707
3.91568
2.98935
3.01072
4.32273
4.89072
4.81608
3.66797
2.65865
2.74917
3.69394
2.37304
3.11957
4.42232
2.54041
3.71729
1.79782
2.75003
3.52136
4.97117
4.61681
2.22046
3.64818
2.32571
3.28732
3.88400
4.65181
5.81237
4.33042
4.64865
5.14679
4.98067
5.68509
6.25112
5.31186
4.22232
5.90716
7.01155
4.61625
4.35353
3.93175
5.43649
6.44523
6.16623
4.72742
4.40383
6.00913
5.92144
5.26281
5.12722
4.82585
5.85907
5.42087
6.01356
5.51991
5.23611
4.48701
6.71671
6.66840
5.68465
5.46445
5.75177
6.28837
6.25500
5.64676
7.08951
7.64326
6.64861
5.09167
6.03922
7.43188
5.97044
5.38503
6.17655
7.24455
6.42421
5.58818
6.77995
6.35681
5.91746
5.53165
6.78581
7.51093
7.49181
6.46979
6.61489
7.69219
6.01329
4.66241
3.95627
4.68364
6.53085
6.45871
6.14146
6.05806
6.79520
7.01125
4.37689
3.57356
4.26612
5.27568
6.02360
5.28164
5.71833
5.72298
6.31553
7.89376
6.93468
6.64513
6.67662
6.35663
7.11642
7.73890
7.11395
5.86018
5.57577
4.64031
5.16385
5.56693
6.36065
6.04237
6.43972
5.98614
4.04528
3.86586
4.12205
4.41169
5.51376
6.56402
6.68596
5.42101
3.59251
3.50464
4.46735
4.14526
4.70395
5.43657
3.70868
4.68732
5.23059
4.08921
3.75450
4.23067
4.46625
5.30271
6.02197
3.48923
3.00520
3.87957
4.09405
4.61123
4.79243
3.98466
3.68784
4.26879
5.32611
5.60281
4.19207
2.14873
4.02269
5.45077
5.79643
4.68232
3.48486
4.91149
5.17771
3.56298
3.60578
3.12943
4.10239
4.46683
4.59344
4.00160
3.94244
4.29371
3.30492
4.13729
4.52962
4.53143
5.54105
4.71871
3.89537
4.62786
4.97534
3.64624
3.68676
4.48669
4.57032
4.15790
3.79609
3.82792
3.92384
3.66324
3.84601
3.86437
4.71956
3.15749
2.69680
3.36981
3.60682
2.76613
3.52113
3.89952
4.16961
4.17110
5.09417
3.91625
3.27877
3.54013
3.67650
3.83055
4.42107
5.00052
4.88935
4.38307
4.17362
4.23795
4.06050
4.44619
5.72016
4.91739
3.55445
4.21760
3.70723
3.05467
3.74633
3.97213
3.40110
3.49237
3.49319
2.26638
3.24021
3.24083
2.56478
2.78530
3.04006
2.11020
2.55827
3.11517
1.99485
2.15302
2.33280
2.67384
2.33098
2.42751
2.41226
2.41289
2.38115
2.76166
2.88763
1.62579
2.01046
1.96466
2.07759
2.47795
1.81282
1.57541
2.01795
2.39553
2.17057
1.97192
2.48540
2.61014
2.28355
2.13643
1.96293
1.93348
2.79548
4.01139
2.59638
0.64452
0.91280
0.94747
1.40947
1.52502
1.34814
1.57880
1.98502
1.57980
1.67895
1.63224
1.17528
0.98424
1.18787
1.68031
1.53632
1.12819
1.11241
0.45640
0.72660
0.69739
0.51258
0.83876
1.05166
0.97664
0.58601
1.00330
1.36609
1.48080
1.40341
1.41266
1.28871
