2.52901
2.86922
1.31330
2.03541
2.89828
2.44065
2.92473
2.07338
2.16635
2.02226
2.24407
2.26448
2.77565
2.90005
2.87996
1.99099
1.58790
2.58786
3.02767
1.87781
2.10777
2.15235
2.51772
2.52743
2.93581
2.08616
3.06040
2.14959
2.43201
2.06805
3.29131
2.49081
2.93434
2.57544
2.63166
3.15333
3.18333
3.03765
3.50846
2.40401
2.78702
2.70869
3.00867
3.27863
4.01924
4.94132
3.26313
1.57990
3.25468
3.42889
2.96832
3.38469
2.61288
3.28922
3.16502
2.73029
3.25718
3.46074
3.54840
2.78984
4.01844
4.30722
3.90133
3.70083
4.50984
2.16299
3.26362
3.85256
3.80727
2.71485
2.37964
3.01074
4.17345
3.97244
4.07406
3.87694
4.69135
2.06066
2.91140
4.08303
3.41024
4.44433
3.82555
4.85969
4.57127
3.71087
3.24523
5.42463
3.95720
5.72941
4.58588
4.06093
5.34366
4.36523
5.43569
4.75704
4.62410
4.66677
5.49742
4.98658
5.72343
5.38676
5.30687
6.73004
5.35419
5.32740
5.82810
5.46991
5.90021
5.28505
5.51966
7.06935
6.92515
5.12950
5.33316
6.86223
6.01941
4.51270
5.50872
5.36485
5.16864
6.04831
6.68431
6.98199
6.72674
5.31655
5.40905
5.88839
6.75804
5.29415
5.77537
6.83103
6.57464
5.78482
5.46653
5.68078
4.95375
4.97029
7.22840
6.15678
6.82309
8.16310
5.78104
5.96751
6.97285
7.86508
7.84589
7.29202
6.72104
5.86437
5.52611
5.63350
6.26406
5.13157
5.62948
6.82383
6.46476
4.98560
5.89824
5.48466
7.40387
7.39621
5.98523
7.29081
7.20136
9.57753
7.43140
6.21234
5.46058
7.20668
7.04293
6.26872
5.12495
5.01094
6.61124
5.58076
6.24782
5.78885
5.83860
5.31660
4.77810
5.31600
4.12169
5.80813
5.60382
4.65123
4.04920
4.36039
4.97548
4.96332
6.46554
5.94768
6.24010
6.91425
6.35312
7.11589
5.67610
4.46656
5.07339
4.65686
5.50622
7.17967
7.97938
6.00839
4.95873
5.01755
4.04303
2.06910
2.62273
2.05408
2.79015
2.39325
3.13704
4.07152
2.62751
2.27318
4.22661
3.69976
4.48251
4.75604
4.31573
4.25351
4.04806
4.54097
3.95704
3.15082
3.28604
2.87192
4.61041
4.42369
4.35373
4.57890
4.46547
3.76632
4.24362
4.16462
3.27403
4.28220
5.38265
5.01413
4.75270
3.75871
3.92892
4.06543
3.98944
1.21744
2.31647
2.99749
3.51593
2.67232
3.03556
3.42083
3.71788
4.15641
3.42939
2.71967
3.52821
5.07408
4.57338
4.27850
3.79626
4.41390
4.48692
4.74536
5.14374
3.06127
4.46330
4.07983
3.70672
4.08228
3.71656
2.82010
3.59923
3.60417
3.59545
3.07306
3.89431
4.57337
2.78590
2.81252
2.94993
1.77160
2.79254
3.13336
3.27463
3.49391
3.41200
2.40538
3.13297
3.93741
2.46970
2.76994
2.70417
2.61365
3.12453
2.10031
1.65272
2.40284
3.17886
3.09012
2.90592
2.31377
2.85759
2.76674
2.27699
2.96681
2.29796
2.95479
2.50496
2.82131
2.43482
3.13805
3.31681
2.06734
3.40827
2.62142
2.47310
3.04731
2.58217
2.19689
2.20920
2.22922
3.35106
2.62213
1.85456
1.94064
1.91649
2.53289
2.89554
2.54270
2.19176
2.29214
1.87229
1.82541
1.90385
2.08127
2.10564
1.77262
1.64837
2.00561
2.80018
1.82792
1.31942
2.02184
1.73365
1.71948
1.98543
1.58844
1.82342
3.16786
2.20186
1.72677
1.25712
1.41922
1.44864
1.81099
1.65495
2.00242
1.64265
1.76287
3.09568
0.61295
0.83239
1.21726
1.35033
