1.85787
1.09103
1.76231
0.98576
1.34699
1.72882
1.37778
1.57266
1.72328
2.21447
2.34550
1.08738
1.67984
1.78776
1.84211
2.22062
1.96253
2.40525
2.43113
2.76435
1.46868
2.18038
2.71513
2.21131
1.72927
2.24323
1.17981
1.69776
2.00701
2.28962
2.19542
1.87377
2.41008
2.85855
3.18216
2.84657
1.63494
2.13354
2.46536
2.30950
2.87651
2.82620
3.17650
2.95150
2.07501
2.35746
2.39274
2.34969
2.71162
4.09278
3.69322
3.03666
3.60805
3.31870
2.96279
3.58430
4.38921
4.35803
2.97649
3.97369
3.56054
3.10823
3.15534
3.26723
3.38619
3.61816
3.43577
4.70045
3.91602
4.07899
4.73629
4.76409
4.74551
4.29241
4.27759
4.27698
3.84742
4.87300
5.36856
4.26043
3.96160
5.07319
4.72898
5.07386
3.25095
1.93979
4.09201
4.58648
4.25765
4.48731
5.80165
5.71798
5.30318
5.11078
5.53171
4.99081
5.89147
6.14804
6.35670
5.23672
5.65260
6.11633
4.05061
4.29048
5.14785
5.74881
5.26379
4.87187
4.98041
4.67148
5.93469
6.43557
6.07371
6.36655
6.47075
5.89623
4.58234
5.12138
4.89980
5.34174
5.05154
6.05712
6.25513
6.44740
5.44905
6.09475
7.12753
6.54619
6.74604
7.40124
6.83618
5.52793
6.10959
6.46044
5.64325
2.06516
3.90508
5.60858
5.67639
5.69052
6.44233
6.88259
6.63146
7.60667
7.16925
5.50173
6.85085
5.92745
7.57206
7.14267
6.39252
6.83874
7.08175
6.82664
6.23941
6.70384
6.92725
6.33307
7.51124
6.90213
7.09689
6.42506
6.94998
6.97345
6.27269
6.52969
6.75529
7.34559
5.97159
6.07205
6.78398
7.20307
7.84522
8.29162
7.86673
7.02487
6.93964
6.16352
5.99781
5.10394
6.60339
7.41696
7.60939
7.69451
6.31954
6.92020
7.44886
7.34235
5.42471
4.68354
4.55573
4.75491
5.00783
5.37475
5.59461
5.31008
5.05729
4.93337
5.32340
5.27881
4.93488
4.54591
4.41551
3.22489
4.58401
4.62321
4.74416
5.04472
4.48678
3.85123
4.20848
4.21194
3.82889
4.44940
4.64223
4.49448
4.05058
4.38413
4.36297
5.93842
5.35797
3.81272
4.43692
4.94075
5.49071
4.46734
4.23063
4.58677
3.82370
3.63734
4.21159
4.24748
4.48709
4.74114
5.08740
5.63811
5.76238
4.01790
3.93479
4.36868
3.77719
3.37343
4.54350
4.75239
3.80425
3.83772
4.14064
4.04280
3.99901
4.22098
5.35827
5.26696
5.40568
5.66217
4.41236
4.32977
4.57156
4.82681
5.42474
4.83500
5.28893
5.74555
4.77036
4.20727
5.35387
5.60205
4.97043
4.95314
6.06132
5.69138
5.48079
5.52052
3.87392
4.67276
4.76647
3.93730
1.10156
2.81560
2.46011
3.40722
3.18030
3.56108
3.75422
3.75672
3.75503
3.94367
4.54226
4.38755
3.26538
3.37901
3.87846
3.79067
1.44682
2.10719
2.54370
2.83636
3.13664
4.51901
2.98087
3.35808
2.98352
2.97028
2.96595
2.77580
2.47575
2.88069
2.39446
2.86336
2.87809
2.77769
2.91463
2.12221
2.51775
2.66347
2.42489
2.30857
2.58872
2.89433
2.45313
2.19663
1.92445
2.76215
3.32857
2.06845
1.34620
1.64012
1.84453
2.79640
2.11290
2.32467
1.83136
2.19682
2.23541
1.67746
1.85976
2.36209
2.13998
1.75918
2.26342
2.67962
2.13233
2.00411
1.94891
2.97292
2.22403
1.55390
1.74076
1.70624
2.25238
1.45701
1.02829
1.03946
1.11872
1.35316
1.58434
1.58244
2.05279
1.95868
1.82546
1.03739
1.72426
0.93921
1.28750
0.74241
1.36650
