1.36467
1.48713
1.61664
0.93083
1.16228
1.60894
0.72917
0.82384
1.14741
1.32523
1.47543
1.81041
1.67804
2.23841
2.53915
1.78924
2.27077
2.13305
2.35970
2.50165
2.25392
2.35901
2.87767
2.90945
2.19301
2.22001
2.14561
2.27660
2.75214
3.54482
3.92825
1.70579
1.93647
1.77307
2.20714
2.61723
2.87254
3.00280
3.36684
3.16865
2.90898
2.81217
3.18624
3.30120
3.54501
3.25862
3.22320
3.98370
4.17098
3.64546
2.70146
3.93989
4.24600
3.89316
3.25054
3.55059
3.28778
3.92554
3.65918
3.93508
3.47143
4.05822
3.52387
4.15898
4.76389
4.95252
3.46525
2.36597
3.77553
3.82578
4.70369
4.07758
4.17678
4.48786
3.80309
4.20367
4.38627
4.73857
4.44650
4.14276
4.75444
6.43020
4.71351
3.95702
4.76105
5.26556
4.73692
5.56281
4.80042
3.55154
3.16064
3.83616
4.37050
4.21725
4.51104
5.35224
5.36079
4.04796
3.70513
5.00313
3.81739
3.63695
3.79875
4.29727
5.52248
6.62750
4.98464
4.45859
5.47148
5.01246
5.39919
5.65043
5.77860
6.86795
6.07318
6.52433
5.41620
5.74827
6.61938
4.98065
5.79933
4.69081
4.99790
5.25396
6.83846
7.49422
6.95515
5.74621
5.14107
5.36188
5.81154
5.37502
5.60360
6.48986
5.80099
8.57413
7.49026
6.15165
5.41974
4.95119
7.07802
6.97099
7.00918
6.99602
7.37180
7.67030
6.11762
5.32976
6.82129
7.17773
6.76115
4.98877
5.46009
6.57847
8.29877
6.58276
5.69150
6.62972
7.61937
6.11140
5.87186
5.08516
5.54918
6.76441
7.22934
6.78485
7.54275
6.94735
6.40204
7.65661
6.78719
6.98903
4.79802
7.08281
4.39859
5.29427
4.05684
5.06894
4.85656
5.11860
4.57975
3.36146
3.65711
5.46552
6.12905
5.90234
6.28409
4.98330
4.66174
5.78488
6.11100
6.89403
7.62827
7.35457
6.86896
7.02798
7.30180
6.28651
5.09400
5.05211
5.23649
5.11465
4.61106
5.05819
6.19544
6.53342
5.08024
4.97237
5.16799
5.50719
5.72510
3.71495
4.06799
3.51022
1.99149
4.14245
3.79366
3.26698
4.70245
5.10034
4.55653
2.85904
3.81546
4.55047
5.12403
4.64152
5.55509
5.93710
6.16154
6.03375
5.18815
5.56507
4.45634
4.01904
4.77958
5.31102
4.74617
4.47069
3.89679
4.77079
4.92977
5.19827
5.13384
4.04824
3.47863
3.67018
4.89022
6.04462
6.38565
2.86352
1.12356
2.79932
4.14058
4.31097
4.11260
4.08511
4.07588
4.39340
4.94603
4.59333
4.28052
4.80845
4.60255
3.51330
3.88263
5.19580
4.38979
3.39024
4.82830
3.47968
3.76278
3.29522
3.22210
3.17446
3.82909
3.34669
4.74560
4.22209
4.64160
3.85177
4.92103
3.41921
3.09855
3.63944
4.21957
4.01161
3.00493
3.28941
3.78905
3.94811
3.99307
3.88568
3.21197
4.49563
3.33212
3.20741
2.79524
2.98887
2.69173
3.50901
3.90283
3.07189
2.50797
3.18068
3.59405
3.10040
2.80509
2.65307
2.35324
2.18868
2.28961
2.40301
3.24095
3.43760
2.53306
2.24602
2.36844
2.18069
2.39083
2.27716
2.92761
3.15440
2.79059
2.77932
2.94376
1.94225
1.73366
1.91124
2.45032
2.46201
2.65812
3.05640
2.20140
1.74112
1.61194
2.06228
2.12953
1.19609
1.50770
2.44917
2.26417
1.56668
1.68147
1.59936
1.86036
2.15735
2.07504
1.89232
1.50429
2.81145
3.16499
1.77114
1.40559
2.04117
1.77627
1.16655
0.69890
1.27190
2.08920
1.06360
1.50170
1.52519
1.39491
0.89690
1.22741
0.98059
