1.57895
2.09937
2.20503
2.33008
3.44110
2.95335
2.15394
2.08475
2.50472
1.98332
1.85266
2.05724
2.37077
2.13297
2.65907
2.51932
2.25919
2.45928
2.11424
2.13032
2.27761
2.05543
1.64508
2.65156
2.41048
1.86599
2.11524
0.71770
1.49981
1.89057
1.73862
2.02108
1.99937
2.72400
2.37605
2.14293
2.68385
3.20497
0.82363
1.62570
2.12936
2.79154
2.35843
2.90611
2.23493
2.84785
3.39824
4.21210
2.86167
2.26748
2.93712
2.71068
2.77632
2.71138
2.92241
3.28188
2.98383
3.71699
3.40136
2.93861
3.83850
2.20997
3.05141
3.71669
4.39285
2.84588
2.58309
2.93956
3.88456
4.41182
2.50230
2.16494
2.97830
3.27855
4.01537
4.07345
3.35718
4.05942
3.39480
3.60695
4.91063
4.19438
4.70235
4.80886
2.29722
3.76621
3.77935
4.27507
4.53100
4.42856
5.26141
5.02812
5.37774
5.69314
5.06629
4.80901
5.46910
5.72783
5.36454
4.77350
4.24446
4.01394
5.25445
5.74072
4.22867
6.61729
6.28826
4.96780
4.70768
4.45929
4.05451
4.06248
5.84604
6.67718
5.33263
5.35291
3.85902
5.51769
4.90581
5.03965
5.75386
5.34686
5.66489
5.80283
7.77355
7.37008
6.61886
6.77743
5.14099
4.26835
4.10462
4.13763
5.20761
5.09201
6.51517
7.62406
7.63904
7.30942
7.10147
6.00550
6.09201
6.46015
5.58440
4.54675
5.17312
3.29069
4.99699
5.88300
5.75493
6.23252
7.05736
6.60133
6.34639
5.92338
7.15326
7.15910
7.47523
7.42075
6.53425
6.36877
6.25837
5.73581
5.66533
6.67508
7.83433
7.72019
6.07741
3.86189
3.49953
4.18075
4.12142
4.60873
5.32700
7.52524
7.73238
8.28371
8.31969
7.19133
5.63714
6.26618
7.41996
5.04833
7.39648
6.33900
6.58814
7.55950
7.23766
5.50716
5.96772
6.02499
7.05308
7.02737
7.76896
6.98043
6.00362
5.78730
4.04852
1.34148
5.01790
5.38265
4.96121
5.23878
4.77244
4.53875
4.90066
5.59262
5.31109
3.68805
3.79625
5.21678
4.89410
5.33459
5.83447
6.31580
6.50309
6.24991
7.19793
5.24075
5.52736
4.25861
4.36642
5.73534
6.82075
4.70869
4.81101
5.24219
4.83961
4.72666
4.61405
5.56892
4.29954
4.85043
4.21151
3.96881
5.11504
4.04353
3.89809
4.41225
3.78528
4.72476
4.76019
4.00004
3.73876
3.55518
4.58618
0.90645
2.92136
4.11571
4.20658
4.24131
4.47245
4.24943
3.89597
3.66026
4.38276
4.46746
4.38558
4.21395
5.03596
5.34554
5.21151
3.98120
3.90384
2.73692
3.35850
3.82079
3.77478
2.96245
3.61059
3.32828
3.47834
3.68900
5.21884
2.80095
3.30944
3.77650
4.22000
5.71150
3.99832
3.33982
4.45988
4.92012
4.33506
3.21135
3.06666
5.10031
4.07683
3.27522
1.47215
2.37695
2.63332
2.70232
2.90525
2.71307
2.58006
3.60262
3.45944
3.19785
2.80215
2.90325
3.08120
3.68836
3.53769
2.10069
3.39079
3.77263
2.85265
1.93953
2.31956
3.45387
3.43640
2.49313
2.72280
3.68635
0.69657
1.70631
1.74889
1.85381
2.07717
2.48296
2.02899
2.46602
1.22558
1.50829
2.03866
0.27498
1.68546
1.74531
1.19510
2.47182
1.56476
1.79246
1.98295
2.08693
1.91993
1.78848
1.89367
1.77323
0.23980
1.31420
1.44985
1.24532
1.36106
1.69779
1.65163
0.56230
1.31307
1.15327
1.47547
1.50897
1.60139
1.60811
1.47101
1.50257
1.77843
1.80611
0.54653
1.39765
1.06751
0.91623
0.46688
0.76719
1.07818
0.82577
0.96865
