1.86185
1.68206
2.01724
2.07862
1.75504
1.98445
2.05414
1.74451
1.87829
1.58467
2.10347
2.19131
1.85573
1.97289
2.12019
1.60288
2.05874
2.29817
2.75222
2.27509
1.17910
0.95229
1.19853
1.48777
1.78530
1.69857
1.53562
0.95369
1.30654
1.74260
1.37092
1.51648
2.22574
0.35660
1.87146
2.06566
2.44420
1.17957
1.90499
2.05041
1.20705
1.89221
2.15108
2.48917
2.69953
2.33463
2.49468
2.53131
3.08329
3.28107
2.19757
2.04349
1.45472
2.23511
2.77444
3.04771
2.94827
3.27674
1.83326
2.37001
2.95259
3.26153
3.74637
3.23531
3.70041
2.53518
1.97597
3.17581
3.10997
2.66563
3.05730
3.98805
3.91811
3.65572
4.01530
4.61406
4.95591
4.15787
3.73641
3.98025
4.59100
3.17235
3.67505
4.41212
5.18205
4.53409
4.78041
4.36669
5.72929
6.61075
3.50725
3.81756
4.81747
5.50658
6.26328
5.03098
4.54252
5.41424
5.70078
5.75632
5.40280
6.26859
5.32805
5.08862
4.67784
4.82489
4.78590
4.21278
2.84467
3.90656
4.80114
2.96996
2.54261
4.47653
5.18065
5.13142
5.11407
7.18619
6.28780
4.23279
4.84285
5.41556
4.33328
5.68928
7.29256
7.89868
6.45313
6.40463
7.99127
7.20329
7.27595
5.58651
5.81754
6.18984
5.23770
6.75935
7.84406
7.01184
6.38466
5.54373
7.33288
7.95818
8.07309
5.73552
5.72210
6.31307
6.61371
6.78076
7.13205
6.56538
6.40877
7.14919
6.56184
6.53593
6.90923
7.42568
7.73871
7.62786
8.02995
7.01030
8.06574
8.33154
7.35697
5.63358
5.88818
6.79479
7.70577
6.62883
7.31475
7.15367
7.58120
7.57916
6.81595
5.92342
5.48915
5.62769
7.23407
6.55636
5.57409
6.03337
6.44104
6.06867
5.36999
7.14336
7.05734
6.56897
5.68252
5.70419
6.21893
6.14841
5.23988
3.09236
6.40629
6.25071
5.61010
4.67728
4.14339
4.81446
5.00069
5.70412
5.12553
4.41404
3.36766
3.66276
3.71237
3.59937
3.56491
3.02749
3.88056
4.15427
3.64517
2.41887
3.47483
4.28318
5.17444
4.97356
4.94387
5.16796
4.82440
3.99907
4.74120
4.98348
5.36087
5.29705
5.63504
6.08410
5.35812
4.37481
4.53100
4.32589
5.39501
5.54143
4.29316
4.61139
4.25120
4.58423
5.11480
3.68670
3.36043
3.98202
4.18178
4.06161
4.10699
4.59925
5.00883
5.60651
5.03356
4.88856
3.94889
3.70837
4.04490
5.04672
4.77914
4.31215
4.49183
3.95470
3.86816
4.90157
4.89853
4.38434
5.18281
5.55763
3.61709
3.83491
1.22122
2.89949
3.90663
4.18855
4.70952
4.17108
4.51724
4.15206
5.45466
4.20412
3.47713
3.90549
3.61960
4.90492
4.58364
4.54700
3.97955
3.68145
3.78011
3.76044
3.03859
4.91751
4.61440
3.09730
2.85459
3.82234
3.62840
3.84472
2.99888
2.32782
2.03558
2.64343
3.07124
4.26885
3.19372
2.49037
4.23413
3.73448
4.36180
2.79718
2.86150
3.51026
4.04685
3.78489
2.78503
2.79820
2.53965
3.75143
2.22456
3.00301
2.83179
2.35490
2.26713
2.72271
2.82844
2.62022
2.16711
2.39782
3.10152
3.81648
2.48521
1.86276
2.42630
2.45805
1.66452
2.13789
2.57228
2.64995
1.76233
1.91262
2.24277
2.16644
1.97142
2.17921
2.03793
2.35406
2.29912
2.24604
2.21431
2.35562
2.05415
2.26877
1.83445
2.58885
2.71073
2.17225
1.48040
1.64439
2.02466
2.59504
2.44216
2.71232
1.26053
1.77766
2.20782
2.07544
0.81104
1.40029
2.11511
0.80381
0.80438
