1.69111
1.98096
1.98894
2.85340
1.49939
1.43570
1.93916
1.26171
1.42846
1.82562
2.21327
2.19970
2.40042
2.38354
2.68375
0.93193
0.77064
0.96029
1.33491
0.91044
1.30468
1.69536
2.00548
1.90156
2.22350
2.48056
2.43566
2.19749
3.35717
3.61133
1.32748
2.08361
2.70260
3.13259
2.19962
2.72124
3.24433
3.36056
2.65611
2.72623
2.17111
2.72855
2.69529
2.94014
3.60781
3.22680
2.35656
2.48995
2.53713
2.02209
1.73061
1.40266
2.39052
1.97273
1.57743
0.82190
1.17781
1.65236
2.08509
2.74357
2.90960
3.38368
4.17013
4.25267
3.68659
3.73552
2.84583
2.68722
2.62029
3.10013
4.12095
4.51178
4.63408
4.48789
2.58485
3.13626
3.48657
4.57699
3.77137
4.24545
1.75072
3.51506
3.12671
2.16013
3.26678
4.61556
4.06812
3.60594
3.64847
4.23132
5.28331
4.82616
5.63717
2.63068
3.54230
4.02375
4.17529
4.42229
5.11052
5.46242
5.96904
6.29915
4.91211
4.84128
5.09440
5.38574
5.67983
6.25422
5.35676
4.06952
3.55799
4.04208
4.96151
5.36425
4.72792
4.93002
4.66661
4.65984
3.63563
4.78344
5.59325
5.19309
5.49604
4.51076
5.09485
6.18874
5.94759
5.68518
3.26211
4.15242
4.07414
4.60153
4.41866
4.16048
5.76195
6.07829
6.65223
6.04953
5.10583
3.56391
4.56250
5.32701
6.15252
5.87019
6.65952
6.27168
5.76663
4.84678
5.26626
4.38521
4.90169
6.65183
7.30557
6.47647
7.46499
6.66892
3.82438
4.04692
4.38639
4.70993
4.53524
5.01066
4.81387
5.39187
4.63835
6.58469
6.85234
6.87521
7.07707
6.44015
6.76028
6.31597
5.42701
5.69121
4.62408
4.10467
5.21551
5.05214
6.59467
7.05642
6.24509
6.71256
6.81634
6.99829
7.68831
7.07269
7.27585
6.81023
7.11848
6.48943
6.07103
6.70609
6.53502
5.46715
4.83535
4.32810
4.65778
6.12871
4.85153
4.31320
4.34456
5.20467
5.06633
4.74673
5.18882
6.50892
6.34142
4.26131
2.06851
3.01883
3.35013
3.82141
4.04234
4.48510
4.49077
4.70696
4.74345
4.16997
4.39305
4.38458
3.90339
2.93759
3.20762
3.67640
4.52409
5.20151
5.71294
5.29361
5.27343
5.12940
5.29733
4.39423
3.96590
4.40732
3.52589
2.93060
3.45810
3.66359
4.23702
3.97972
4.27757
4.92389
5.71153
5.96583
4.82972
3.96504
1.55903
3.36154
3.58193
4.15304
4.71605
5.48464
4.99254
5.47419
5.97101
5.33378
4.94625
4.60528
4.14805
2.51867
3.73716
3.34985
3.66772
3.91287
4.47334
3.45464
2.87608
3.30022
2.90447
3.59958
3.47281
3.83471
4.06459
3.66505
4.90882
5.62204
4.15646
3.93661
3.67566
4.17247
4.54520
3.28186
2.96840
3.26735
3.76520
3.89252
2.50859
2.66882
2.61146
2.78604
3.58865
3.33885
3.17849
2.74542
2.91348
2.48794
2.14393
2.65896
3.09632
2.40880
3.46922
2.09366
3.51629
1.49137
2.07277
2.77285
2.98626
3.81930
3.34400
2.55689
2.27066
2.26045
3.14178
2.98036
2.33732
2.07144
2.80760
3.01597
2.53804
2.19245
2.56552
2.06478
2.84473
2.77921
3.02531
2.42102
2.48956
1.71373
3.03428
1.84360
1.81128
2.24539
2.01272
1.67124
1.88229
1.83513
1.83190
2.82970
1.76341
1.41231
2.13860
1.69422
1.93941
1.79626
2.45661
2.76841
1.14808
1.03605
1.07434
0.95620
0.62682
0.85605
1.16611
1.05562
1.28636
2.08230
1.87140
1.16564
0.73569
0.70194
0.84045
1.37198
1.57163
1.28768
1.27580
