2.40516
1.72692
1.74079
1.63424
1.61774
1.67288
2.38025
2.35334
1.91061
1.99591
2.53783
2.76314
1.76377
2.41396
2.14540
2.82744
2.30348
1.88272
2.54588
2.65345
3.00041
2.55486
2.49489
3.64646
4.33978
1.79337
2.01532
1.43839
1.92666
1.63805
2.61449
2.33711
2.26479
2.18878
2.40960
2.15670
1.99462
2.48086
2.70068
2.41147
2.95632
2.93049
3.40106
3.25417
3.42194
3.28240
2.67215
2.98303
2.76795
3.54670
2.56452
2.95903
2.98445
2.73097
2.86428
3.09916
3.28332
2.80560
3.32595
3.80756
2.89024
3.78807
4.07600
3.61581
4.28253
4.19748
2.51777
3.52385
3.70496
4.66425
2.99129
3.05437
4.28618
4.03234
2.65617
2.30790
2.83433
3.68753
4.30273
4.56133
4.35845
4.75398
4.47377
4.18498
4.46771
3.84849
4.12687
4.23285
5.46129
5.83136
3.54402
2.38676
3.50254
2.43198
3.64262
5.15046
5.23530
3.64288
4.20376
3.72226
5.77048
6.49575
3.80300
4.77971
4.65176
4.96054
4.70129
4.89526
5.08161
5.91448
7.10147
7.11367
6.49919
4.36736
4.77691
5.19518
4.76465
6.39108
6.23263
4.86666
4.34403
5.19614
6.57429
5.98625
5.67158
5.73076
5.29851
6.44587
7.05464
6.22050
5.59440
4.96036
6.88024
6.79210
6.71323
6.34769
4.73431
6.20593
6.81336
6.09628
7.16376
8.13408
7.30300
6.24275
6.12593
5.78524
4.81135
5.48886
6.50287
6.84340
6.30447
5.40364
6.99314
7.33844
6.88073
5.40151
5.41241
6.71594
7.04152
6.43528
6.58308
6.13758
4.37724
6.43573
6.59017
5.04773
4.82954
5.01618
5.27831
5.17262
4.44105
4.97621
4.71480
5.78343
6.13690
6.21692
6.22501
5.90941
6.67494
6.66065
6.76232
6.75167
4.57176
4.56892
4.41705
4.87938
4.41991
5.37271
3.96735
4.83943
3.90725
4.86684
5.95718
4.42835
5.10298
3.15986
4.53464
4.02564
2.95054
4.50719
3.92637
3.91219
3.66926
3.56884
4.77933
4.73703
4.91493
4.28022
3.88043
3.86342
4.02685
4.83815
3.54013
4.32948
4.10804
3.31857
1.57752
3.78212
4.19243
4.26620
4.77220
3.56298
4.11879
4.97143
4.97849
4.84534
4.30534
5.18980
4.66521
4.20442
4.72613
5.26686
4.63608
4.67368
5.28905
5.18449
5.52104
4.52058
3.99260
3.90852
4.47905
4.31950
3.29936
3.47998
3.71387
3.91098
3.58095
3.94639
4.31461
4.47453
4.54447
4.80448
4.53152
4.30348
4.10319
4.60819
3.88699
3.70340
3.54823
3.57174
3.08486
3.40781
3.24950
2.92482
3.98238
3.71025
3.57284
4.02392
4.08023
4.20568
4.13417
4.95757
3.38336
4.38566
3.72423
3.51893
4.41030
4.45324
5.45732
4.56809
4.05177
4.31080
3.98424
4.47225
3.69066
3.22149
3.33082
4.00072
2.66003
2.70969
2.77442
3.47831
3.36447
3.08789
3.65390
3.38982
2.96418
2.40359
3.40062
2.88148
2.41425
3.59207
3.49610
2.98661
2.33692
3.26869
2.21689
2.96247
2.78418
3.84603
3.16075
2.32886
1.96808
2.76500
2.72266
2.99534
2.30401
2.16785
2.47525
1.96848
3.31974
2.83489
1.72693
2.17042
2.44822
2.14105
1.79736
2.13075
1.96993
2.09895
2.09901
1.95234
2.50204
1.84311
2.74165
2.31852
2.46995
1.78319
1.94656
1.45842
2.19001
2.11457
1.77405
2.40101
1.84518
1.48005
2.10277
1.62910
1.91274
1.70132
1.81581
1.68477
2.24627
1.80721
1.77785
1.63266
2.05761
1.81954
1.52314
1.56275
1.50368
1.54825
1.87470
1.58529
1.56803
