1.14235
1.79965
2.08419
1.47092
1.90998
2.03526
1.64295
1.46818
2.47508
2.56722
1.63540
1.75140
1.98763
0.66057
1.56816
1.57294
1.24786
1.46305
1.62897
1.83931
1.66155
1.35712
1.80809
1.46981
1.64873
1.71002
1.82918
2.15364
1.92680
2.21313
2.62669
2.17965
2.18679
2.23478
1.14069
1.68508
1.92236
2.36402
2.52758
2.57519
2.63408
2.66274
2.66529
1.86860
2.49213
2.82975
2.44684
3.63245
3.98996
3.25359
2.49529
2.90732
3.21300
1.03254
1.87490
2.37399
3.24332
3.23563
2.27049
2.39859
2.98850
2.69311
1.75327
0.99698
2.21657
2.97762
3.92771
3.74855
4.22619
4.17608
3.54435
2.32861
2.72867
3.26528
4.36703
3.70538
4.30858
3.82511
3.82752
4.24608
4.76854
3.94492
4.00534
4.98718
4.56712
5.54326
4.69259
4.65709
5.49909
4.73723
4.35859
4.14332
2.28699
2.34405
2.29874
2.95787
2.93111
3.48234
4.26906
3.82452
4.34515
3.54958
3.90109
5.16668
5.54510
5.42924
5.66347
6.41565
4.67397
5.38563
5.29397
5.65775
6.77454
5.04809
4.84593
5.20032
6.57115
5.84886
5.99573
7.38475
5.62232
5.80843
6.26650
5.46710
5.90277
5.94735
5.89332
5.59904
3.85661
4.13378
6.30981
7.27613
7.21066
5.57346
5.52172
5.68809
7.02404
7.13044
6.49762
6.39448
6.85602
7.55100
6.85836
7.15607
7.44266
6.34299
5.44700
4.90839
7.20617
7.06393
6.51903
6.20375
6.33580
6.60314
5.23092
5.56672
7.28274
7.32775
7.96832
7.55629
7.97834
6.64459
5.94734
6.20323
6.06101
6.66337
7.20923
7.41592
6.96482
7.38270
7.09565
6.72699
6.77347
4.03651
4.03002
4.54698
5.04601
5.69558
5.71556
6.48943
6.75168
7.18087
6.68777
6.32609
6.84413
6.81828
6.34846
6.62405
6.03238
5.46098
4.07297
4.90642
4.79627
4.85656
4.41338
3.58284
4.29094
4.61060
4.54299
4.94471
5.62498
5.79332
6.26567
6.23189
3.74116
4.37851
5.43087
4.58452
4.30932
5.17212
5.26721
5.18611
5.80349
4.72803
3.38003
4.19314
4.15559
4.11468
4.60042
4.88657
4.81082
5.28675
5.18455
4.46874
5.23309
3.64312
2.87088
3.60231
3.79688
4.07450
4.82935
4.56658
4.93688
5.07832
4.72459
5.25288
4.50126
4.49800
5.39762
5.87439
4.32573
4.36562
4.03906
4.60124
4.88228
4.00973
5.17366
2.50799
3.14425
5.00154
6.10405
5.48942
5.51831
4.55524
4.57050
4.52566
5.31295
5.24166
3.99232
3.88972
4.10668
2.93470
2.42520
3.79983
4.04563
3.74427
4.04823
4.54795
2.97466
3.25441
3.72711
3.92281
3.91158
4.63429
3.45967
4.77345
3.58924
4.54352
4.70369
4.19065
3.50849
4.42125
4.68011
4.86278
3.33491
3.19713
3.65381
3.16130
3.78163
4.17853
4.17576
2.53946
3.98989
4.63100
4.57044
2.72363
2.98125
2.79093
2.09467
1.49972
2.78500
3.36850
2.14660
2.36235
2.85191
2.88364
2.38067
2.59414
3.27486
2.89703
2.29796
1.94822
2.75527
2.44161
2.03622
2.19067
2.77783
2.00219
1.48384
1.29855
1.09202
1.87785
1.80387
1.78336
2.36437
2.05754
1.40041
1.14611
1.40816
1.69447
2.10753
2.45427
2.33079
1.86140
1.57508
1.61500
1.91289
1.93675
0.58582
1.74421
0.89774
1.35926
1.48199
1.57100
1.92324
1.61754
1.98539
2.15763
1.69591
1.59516
1.97392
1.80154
1.83638
2.00035
2.16790
2.30147
1.40165
1.47444
1.46795
1.68369
1.86469
1.98216
1.83264
1.35873
1.51983
1.90790
