1.90934
1.65939
1.73226
1.36479
1.85971
1.34125
1.00658
0.71111
1.45327
1.65152
0.53772
0.72519
0.68555
1.49499
1.29837
1.32758
1.31426
1.36945
1.76010
1.80097
1.81614
1.77998
1.92733
2.13185
2.25817
1.87079
1.81180
2.33971
1.78823
2.56670
1.89353
1.89715
2.18441
2.20926
2.46948
2.05096
2.26360
2.62481
2.28773
1.19709
1.88679
2.13652
2.70171
2.97989
2.91697
2.65940
2.61831
3.17829
2.68973
3.03936
3.92258
3.14603
2.86591
3.41197
3.78881
3.79907
1.92487
2.49921
2.70842
2.50617
2.53649
1.66769
2.18378
1.87968
1.19869
1.84687
2.82181
3.01124
2.71245
2.83643
2.55510
3.36080
3.02219
3.01721
3.30357
3.67322
3.71622
4.20164
1.73660
3.22533
3.46844
3.83805
4.20356
4.14076
5.67604
3.05594
3.16859
3.65790
4.64826
3.84429
5.02300
5.36073
3.64360
3.71897
5.18244
5.02169
6.11966
5.49276
5.35199
6.04556
5.43156
2.80213
4.44136
4.87800
4.67712
3.13817
3.68578
5.71150
5.31901
5.21607
4.69890
4.56967
3.76010
4.71130
5.06090
4.98023
4.88632
5.46545
5.87812
4.41110
3.72022
2.90352
4.84151
5.41115
6.03582
6.14160
6.38407
6.23600
5.67134
6.14890
6.74784
6.32491
5.52563
6.88558
6.79601
6.10692
5.05940
4.99491
7.49005
7.79638
5.93415
5.60405
5.52225
4.63361
5.72419
6.23820
6.77532
6.16504
4.26457
3.81483
4.26312
3.78331
5.39440
6.17595
5.24778
5.54635
5.75456
6.59805
6.93960
6.72457
6.40170
6.80203
6.22722
6.47299
6.73710
6.32464
8.20797
5.97065
6.64173
7.35016
8.01402
8.25514
7.55293
6.41515
5.61733
5.19469
6.99016
4.79484
3.06550
4.01672
2.11884
4.57457
5.43548
5.67001
5.88215
6.13209
4.67120
5.40325
4.17544
3.38635
3.42587
4.33750
4.36911
4.54555
4.98261
4.47669
3.77491
5.10224
4.63728
5.47755
5.68348
5.86078
5.22151
5.43391
5.09937
4.37553
4.29704
3.95537
4.78535
4.14422
2.58223
4.11211
4.01119
4.42569
5.16107
5.11676
4.38682
5.01279
4.23607
4.50424
4.76416
3.90983
3.97916
4.16530
3.80574
3.61644
4.72174
4.51408
4.00022
4.24561
4.57883
6.22254
6.09343
5.33868
4.91113
5.92110
6.04446
5.53344
6.53434
6.27154
5.69479
4.60957
4.37643
4.01078
3.75120
3.80907
4.50266
3.92470
4.07269
4.29914
3.29028
4.10285
4.20838
4.12977
4.55165
4.23238
4.03609
4.11864
3.71757
4.95760
4.69021
3.83103
4.25208
3.78487
2.80189
2.35960
3.58241
4.57057
3.51060
4.04988
4.06872
4.77270
3.61677
2.69295
2.69896
3.83792
4.28226
2.81782
2.70790
2.84952
4.42360
3.86594
3.85090
1.87212
3.35506
3.28928
3.33068
3.78199
3.16046
2.85689
4.60074
3.57818
3.03746
1.80436
2.84179
2.92582
3.26035
3.11874
2.67684
2.59203
3.19398
3.46866
2.82582
3.09242
3.19712
3.26235
2.57503
2.99778
2.66602
2.97642
2.56038
2.39101
3.30622
2.64636
2.25000
2.08391
2.21990
2.59410
2.24327
1.99441
2.71998
2.44029
2.38727
1.97226
1.91947
2.27907
1.95679
2.73203
3.02000
1.85719
1.82294
1.87346
1.01678
1.39593
1.38457
1.65100
1.89405
1.38857
1.31378
1.45314
1.49198
2.04319
1.77821
1.70242
1.44619
1.82593
2.05141
1.31544
1.54737
2.10661
1.56556
1.66834
1.64279
2.13274
2.95138
1.68999
1.37943
1.44291
2.25279
2.18781
2.39672
1.74051
1.87207
2.04700
1.68182
