2.00484
0.73633
0.98796
1.20650
1.07527
1.65172
2.09180
2.25445
1.59632
2.30776
2.78115
1.57560
1.60606
1.51879
2.12000
2.34601
2.18509
2.22870
2.36902
2.46470
0.97527
2.11366
2.24562
1.68903
2.13050
0.72159
1.75647
1.93108
2.38964
1.67883
2.14805
1.68658
2.07320
2.57464
1.06016
1.30254
1.78155
2.23052
2.17007
2.44146
0.88387
0.49987
1.57475
1.82609
2.21471
1.85010
2.32632
1.60949
2.49772
1.92866
2.44832
2.98214
2.51687
2.61059
1.91125
2.08407
2.01595
2.35658
2.81226
2.92045
2.99874
3.17326
2.95197
2.34303
1.85970
2.81035
3.56156
3.49038
3.81888
4.01494
4.39917
4.91753
4.30832
3.52491
3.10695
4.12132
3.49810
2.97038
3.79157
3.92975
3.74044
4.81375
3.85433
3.36045
3.91969
3.85681
5.55292
4.49572
4.50749
4.37836
4.96117
4.58443
4.63464
6.55544
5.00194
5.21110
5.46130
6.33151
5.07029
4.54649
4.43217
4.32103
5.32424
4.80972
4.79722
5.55669
5.65299
6.49270
6.64518
5.50553
5.03555
5.38776
5.26627
4.69811
4.11697
4.51968
6.28719
6.54027
4.29943
4.80729
5.52889
5.34790
5.60607
4.51272
6.94809
6.12225
4.86029
4.96537
5.79155
7.03027
5.66775
5.89934
5.21177
5.99780
6.38394
6.69654
7.23924
5.80715
5.88045
5.46088
6.59234
6.66249
6.80232
6.43153
6.50925
4.87571
2.96984
2.86215
4.19158
6.59358
6.17682
6.72727
5.12223
6.69230
6.01929
6.77679
7.21881
7.02720
7.13045
7.53140
6.15416
7.39056
6.31338
5.36397
7.51283
6.89720
7.56113
7.33955
7.10861
4.49243
5.81195
8.10223
7.12483
5.47166
5.63619
6.06722
6.73108
5.82296
7.23477
7.13986
7.15781
7.37528
6.75572
7.63302
6.89964
6.02738
7.18495
6.47805
5.91455
6.56003
7.15920
7.19347
6.94393
7.11281
4.89121
5.21246
5.10050
5.56105
4.32561
5.19310
5.21176
6.84604
5.98894
4.90475
4.08928
4.92305
5.43404
4.53230
6.25138
4.45419
3.32953
4.00462
4.46522
4.49074
4.40753
4.93828
4.94218
5.11860
4.09382
3.91517
3.75451
3.77592
4.37926
4.68012
3.79671
3.04657
3.27487
4.09160
4.11953
4.50627
3.95839
4.29722
4.34102
4.56476
2.24980
3.84992
4.29618
5.29030
5.36055
5.94117
4.96238
5.89588
5.23946
4.08155
4.32428
3.15615
3.50711
3.71553
3.68095
4.36131
3.66470
3.41170
4.08670
4.77268
5.19767
5.58829
5.02182
4.64037
5.17843
5.24515
5.00702
3.66656
4.59204
3.53975
3.67855
3.94724
5.09876
4.11811
4.55239
4.44637
4.14341
4.84640
4.09349
3.86302
3.57458
3.20489
3.35908
3.68717
3.91540
3.32117
3.63566
4.69945
3.81638
2.86152
3.26272
3.34533
2.89559
2.76284
4.18124
3.69358
3.81202
2.81592
2.81675
3.62296
3.44057
2.70137
3.20417
3.81708
2.64327
3.09500
3.36359
2.93703
2.84386
3.55597
3.37073
3.57997
3.51195
3.40445
2.86117
2.71641
3.28127
3.08413
3.26258
3.67726
3.31144
1.98233
2.08843
3.03404
2.25977
2.60436
2.15865
2.56447
2.46517
2.59562
2.48924
1.95119
2.14353
1.75674
2.08743
3.30322
2.61732
1.91243
1.74622
2.06343
1.83435
2.79500
2.83972
1.80507
1.76843
1.86903
1.80383
2.03039
1.78462
1.65994
1.18538
1.06971
1.86733
1.80394
1.73986
1.95436
1.71010
1.64215
2.07099
1.91350
2.24314
1.69171
2.27103
1.81636
2.04689
2.51532
2.23186
1.95454
2.08684
1.87328
2.33795
