1.35459
1.14718
1.22836
0.66620
0.75650
1.37699
1.67925
1.73682
1.68517
2.21668
1.64917
1.38488
1.54781
1.60619
2.53606
1.83001
0.79846
1.33619
1.71389
1.88679
1.89630
1.58574
1.91503
2.15433
1.71819
1.53434
1.63844
1.78490
2.07700
2.07776
2.23098
2.55603
2.44832
2.94390
2.55660
2.61943
2.60712
2.95366
3.35285
2.98074
2.22737
2.49800
2.57469
1.00951
0.89372
0.34381
1.60843
2.00994
2.48426
3.06690
3.30937
2.60993
2.44477
2.26538
2.86884
2.80356
2.59830
2.93967
1.93334
2.82276
3.22724
3.40825
3.23783
3.18572
1.35836
2.71904
3.01831
3.18011
3.75515
4.12058
2.78773
3.30011
4.19729
4.69275
3.82130
3.44738
4.08836
4.51661
4.55159
4.75881
4.02674
4.89007
3.28916
3.61041
3.47201
4.48935
3.98056
3.89824
4.23117
4.18125
3.96054
5.04613
4.11318
4.15762
4.87989
5.03690
5.29422
5.46252
5.99348
4.59754
4.22779
4.75773
5.95693
5.73556
5.74412
5.87231
3.83462
4.93006
2.25502
4.26623
4.68504
4.41515
4.60180
5.19476
5.94993
5.93135
5.93021
6.29251
5.93987
6.34772
5.85017
6.45945
5.76631
7.07463
6.97831
5.67216
3.56928
4.89046
5.18564
5.56685
6.33624
7.37202
6.69665
6.35335
6.98290
6.34911
4.96299
5.12105
5.02770
6.23921
6.52888
8.12342
6.81265
6.66030
7.35086
6.39889
5.80867
6.57134
6.70522
6.10798
6.41478
7.01707
7.73963
6.20009
5.97536
6.67294
7.78588
7.86291
7.43110
6.05996
5.78462
6.45237
5.90786
6.63585
6.48411
9.02358
8.73868
7.34765
6.98211
7.36668
7.24830
7.24346
6.84869
6.87732
6.25538
6.06944
5.97386
6.49458
6.67478
5.71501
6.13576
6.37131
7.37008
8.23555
7.00693
5.55957
5.84807
8.00254
7.24617
7.02973
7.19340
6.26693
4.24909
4.22969
3.76437
3.07712
3.85238
3.97502
3.65063
3.84287
5.41056
5.95244
6.67685
6.91883
6.37556
5.05944
6.20665
6.30065
6.10055
7.20661
5.19993
5.93139
5.67673
5.44276
6.34015
6.03180
5.49647
5.28691
5.19045
4.78325
5.17645
4.82265
3.76457
4.35598
4.76869
3.03180
1.84124
2.94411
3.54607
2.94612
4.30847
4.70949
5.09606
5.06889
4.76234
4.25966
4.08609
4.36754
4.39757
4.40076
4.40717
4.80535
4.88365
5.76940
6.19809
6.04279
5.29476
4.48239
4.94900
4.68386
4.69535
4.38454
4.06314
3.99293
4.36843
4.57088
5.40166
1.19702
2.81325
3.14686
3.65584
3.84246
3.64090
3.93961
3.76308
3.46451
4.30802
3.84469
4.20285
3.51463
3.56328
4.66995
3.62411
4.27015
4.02939
3.69925
5.18889
3.78260
4.16540
4.44448
3.67237
3.49736
3.36294
4.27997
3.82228
4.18929
3.81216
3.45621
4.37804
3.41717
3.27672
3.52666
3.71313
4.11230
4.68873
3.28690
3.28686
2.92867
3.42918
2.54173
3.34955
3.38311
2.04882
2.04092
2.06214
1.82465
2.79651
2.42455
0.67447
1.65766
1.99849
2.21020
2.83727
2.62670
1.97881
1.74348
1.98177
2.14082
2.74634
1.87018
2.33697
2.02318
1.83669
1.99369
2.02343
2.01524
1.96184
2.36360
2.04982
2.93051
2.52392
1.68008
1.77834
1.71364
1.90814
1.88442
1.77212
1.85281
1.71699
1.11258
2.30835
1.36505
1.55305
1.45728
1.69807
2.00015
2.38177
1.82703
1.63448
2.10815
0.90291
1.16316
1.34547
1.50943
0.91833
1.12321
1.24743
0.99182
1.40293
1.17695
1.36008
1.98821
1.52103
1.85872
2.14637
