1.22573
1.58426
1.41205
1.24193
1.61330
1.81646
1.94290
2.12890
2.11205
3.17507
1.84939
1.29547
1.46002
1.41343
1.50825
2.16941
2.55697
1.99936
2.33151
2.32562
2.35648
2.41378
2.14187
1.49401
1.91451
1.29219
1.22370
1.13308
1.83590
1.83133
1.96318
2.24261
2.60612
1.32923
1.94724
2.20720
2.53824
2.33976
3.77380
1.94797
2.26658
1.96585
1.89459
2.35333
2.79989
2.72150
3.34571
3.97938
3.08421
3.76861
1.42456
2.08552
2.29062
2.97778
2.61326
2.73571
3.25726
2.91500
3.30783
3.68902
3.22466
4.68792
4.48093
3.87408
4.46770
4.51944
2.20564
2.35178
2.83290
3.36954
3.71680
4.04184
4.27108
5.03321
5.29294
5.48700
4.57306
4.77012
4.46776
4.34554
5.55663
4.98319
4.70752
3.84671
4.88739
5.19168
5.27183
4.83905
3.74138
4.72082
5.23194
5.14208
4.80347
4.71577
5.72939
5.32411
5.56983
6.60187
3.72157
4.45442
4.75100
3.70223
5.33664
6.44477
6.76163
6.89176
4.88037
4.98276
4.41939
5.73860
5.77741
6.12786
6.52649
6.25598
7.11841
4.93359
5.23507
5.21894
5.99713
6.85744
6.67413
6.67711
6.14779
6.48378
6.98224
6.03384
6.26984
5.54178
5.30901
3.87528
5.52350
6.43320
6.57764
4.99767
7.27742
6.75531
7.20246
7.16660
6.42813
7.05095
5.97015
6.75512
7.55985
6.77050
7.25669
7.27745
6.35884
7.52777
6.82486
6.90806
6.67026
5.78757
7.05238
7.45760
6.93677
7.04294
6.09982
6.23307
8.49813
7.73207
7.17028
8.14800
7.88795
7.51126
6.28680
5.74344
5.24437
7.13119
7.07994
8.38512
8.29760
8.22335
8.07292
8.25956
8.48313
7.15564
7.41804
8.37960
5.95818
6.21400
5.48661
6.30829
5.84251
6.03391
6.74563
4.49097
4.72146
4.72968
4.53981
5.64579
4.11724
4.55225
4.32568
4.58781
4.95049
5.38138
2.56989
6.11006
4.69372
2.72973
3.63427
4.35020
4.87863
5.18249
2.75786
3.09153
4.25891
3.06564
5.77618
5.49641
5.21767
5.22614
4.94079
4.19718
5.09359
4.65204
4.53629
4.11451
5.05034
4.96792
5.30829
5.37617
4.87229
4.75152
4.51048
5.15820
4.28857
5.29125
5.26957
4.87271
4.60781
4.32206
4.22380
4.09813
4.67662
2.98766
4.10733
5.49004
6.08028
3.81428
2.03365
3.45212
5.06744
4.77175
4.67633
4.86550
5.46177
5.54337
5.16468
3.13724
3.01114
1.74760
3.26119
3.78795
3.43472
4.23131
3.59940
4.43604
4.97549
4.76778
3.55619
4.87136
3.74312
4.53407
4.75922
4.34894
4.10448
5.88264
6.18792
4.47556
3.67950
3.90466
4.74524
4.27435
3.94681
5.04198
4.55850
3.90579
4.51858
4.13317
4.90248
5.85525
3.87406
3.04377
4.38501
4.96029
3.23199
3.58500
3.58507
3.16121
3.26072
3.13919
3.64616
3.11991
3.89533
3.49053
4.20578
3.43190
3.15923
3.69371
4.64767
4.56616
3.02987
2.66881
2.70524
3.75675
2.75433
3.29691
2.64563
2.82066
3.38524
2.41400
2.18915
2.61992
3.04087
3.13571
2.31905
2.45092
2.20153
3.08657
2.09513
2.06165
2.53117
2.84921
2.69380
1.49788
0.85603
1.05712
1.51471
2.13316
2.00388
2.08302
2.07051
1.49031
1.08005
2.12301
2.84557
2.98429
0.80402
1.21337
2.14941
1.60785
1.48995
1.72394
2.17925
1.68359
1.63923
1.87048
1.98434
2.12251
2.22653
1.81321
3.28227
1.16098
1.55241
1.27413
1.87581
1.61376
2.04650
1.75713
1.98387
1.68013
1.81742
1.80575
1.78936
