1.61077
1.94892
1.97849
1.79693
1.75733
1.07231
1.25081
2.12518
0.85522
1.03812
2.23391
1.34547
1.15085
1.33993
1.91660
0.55664
1.04647
1.18721
1.56774
1.53515
2.11758
1.45345
1.85744
2.25920
2.10026
2.75038
0.81735
0.83069
1.14084
1.45062
1.75576
2.05097
2.17472
2.48821
2.75696
2.72338
3.53235
3.65239
1.34946
1.89343
2.59323
2.94083
3.34355
2.67856
1.80718
1.58719
2.19688
2.55136
3.09148
2.89421
3.10089
2.84537
3.16792
2.69687
2.28584
1.74546
3.11673
2.27480
2.50706
2.07597
2.09227
2.49528
3.45936
3.28462
4.12989
1.21871
2.28871
3.28829
2.78379
2.15065
2.87205
2.86443
3.51593
3.48585
3.30545
3.81350
3.68478
4.31409
4.08820
4.73999
4.52525
4.34617
3.91341
4.08591
4.71691
4.74863
4.73340
5.01186
4.53067
4.13663
5.04646
5.20397
4.81661
5.03658
3.55238
2.29060
4.45767
4.36347
5.02264
2.52972
3.67366
3.96717
4.72401
4.84436
4.64366
5.02073
5.58506
4.70966
5.05291
7.15774
6.44012
4.22348
4.88788
6.42477
5.70839
4.72318
3.57450
5.60526
5.90932
4.88242
5.57441
6.85483
6.62569
5.41503
5.58122
5.16961
5.09984
5.38497
5.00918
4.99565
5.74524
5.83893
4.15950
4.95928
5.28418
6.17907
7.06283
4.89404
4.44860
4.64598
6.01462
6.07908
5.86731
7.02311
6.92279
6.04717
6.74618
7.47754
5.64544
5.95142
6.00675
7.15191
7.62421
8.27945
7.90784
6.36171
5.32868
6.12453
5.54530
6.79989
6.91535
5.85322
8.09331
7.91760
5.57149
5.93394
5.03516
4.43336
5.18308
6.82763
5.16253
4.51651
5.10398
4.70817
5.46258
3.98345
5.01530
5.19853
4.53476
6.18886
5.40881
5.15484
7.21766
5.63676
6.13807
4.30947
3.50542
3.93390
4.22308
4.08859
3.27901
4.59750
4.35688
4.99068
5.26014
4.93872
4.64569
4.13191
4.02397
4.33141
4.49905
4.25129
4.71343
5.09948
4.26271
4.14078
4.69755
4.23366
4.05859
3.87984
4.20371
3.71322
3.31721
4.98871
4.70459
4.33683
4.75022
5.51822
5.39782
3.25437
3.43376
3.36295
4.19343
4.76533
4.92694
3.86864
3.34219
4.45615
4.77677
3.45909
4.47963
3.74630
4.71284
5.32422
4.39818
4.59238
4.46882
4.50286
4.99437
4.66183
3.32613
3.96395
4.49181
4.61283
4.89959
4.33924
4.16867
5.04332
6.15426
5.64877
5.31075
5.23837
5.70116
5.16123
4.93544
2.40908
1.86713
3.38701
3.47224
4.29232
4.15824
4.40524
4.37944
4.30734
4.46687
5.20468
5.56312
5.36565
4.21903
4.58428
4.95168
6.10428
4.98823
4.33892
3.56087
2.96504
3.66223
3.40130
3.03633
3.08063
2.94739
3.20502
3.15174
3.41136
4.69753
3.91886
3.24580
3.05939
4.18447
3.88137
3.44135
2.86274
3.33954
3.67674
3.56931
3.47556
2.73629
2.85320
3.79179
3.59123
3.55682
3.38117
3.49684
3.73429
2.66735
2.50981
3.47379
5.32461
3.36388
2.21470
2.00829
2.59337
3.16886
2.29258
2.19158
2.72268
2.70938
1.96080
1.87141
1.86824
1.94992
1.91180
2.43162
1.84645
1.89305
3.29621
2.61277
2.31360
2.66655
2.00987
1.86620
1.61301
1.94857
1.84200
1.63561
1.98784
2.64226
1.68712
1.37663
1.69835
2.08355
2.31638
2.09601
2.58646
1.00086
0.45692
0.72016
1.72519
0.90481
0.99313
1.39078
1.65034
1.78020
2.00412
1.94819
1.36168
1.49353
1.54386
1.45787
1.57537
1.97799
1.86158
1.84257
1.76351
1.64612
