1.48407
1.46394
0.36019
0.58559
1.33332
0.82684
1.14760
0.96958
1.51627
1.65173
0.35912
1.22554
1.19760
1.45705
1.62935
1.47031
1.57605
1.44963
1.15579
1.24252
1.12112
1.59486
1.93868
1.98706
2.12193
1.59445
1.55685
2.01625
2.04404
2.12603
2.23156
1.92754
0.63219
1.10860
1.76275
1.93721
1.72804
0.96569
1.66782
2.08917
1.47213
1.03777
1.99946
1.20922
2.22487
2.29021
2.06660
2.00256
2.06644
2.56473
2.53202
3.01907
2.89499
2.72246
2.90098
2.83365
3.07059
3.26284
3.25991
3.38458
3.11028
2.17986
1.48555
2.06703
2.80048
3.54014
3.42789
2.46570
1.72506
2.59904
3.00189
3.29545
3.50175
3.78062
4.15293
4.17081
3.35990
3.19146
3.46966
4.75641
3.35244
3.68027
4.15851
3.76920
4.59815
5.08386
1.67424
2.72144
2.79332
4.22795
3.70478
3.31243
2.43136
3.58651
3.34239
4.06851
4.28588
4.28959
4.60359
4.94673
4.96019
4.29146
5.74487
5.37004
5.42327
5.30920
2.18371
4.90429
6.45639
5.66767
5.07944
4.89246
5.60234
4.30876
5.11538
5.16613
4.26736
5.24823
6.18855
5.96083
5.56429
5.59464
3.57696
4.23592
4.03380
3.91673
4.83820
4.47390
5.03052
4.86641
5.36059
4.18475
4.30944
4.24389
4.79576
4.95123
4.96653
5.03830
4.84167
3.93158
4.61257
4.69472
4.93489
3.29724
3.23767
4.17420
3.94940
4.48818
3.67822
3.93725
3.91925
4.72451
5.85164
5.55450
6.00281
6.04725
6.99124
6.68848
4.48088
5.52729
5.01120
5.96048
6.24339
5.92422
6.59498
7.71214
7.33770
6.69491
6.32650
6.69820
6.97187
4.39369
4.70025
5.01403
4.64932
5.64632
6.40077
6.13561
6.76443
6.55308
6.62877
7.93747
8.51779
6.33636
4.65053
5.01363
5.06380
5.95637
6.08304
6.04870
4.87773
3.11837
3.87970
5.90817
5.84624
5.85722
6.33625
6.56125
5.92011
5.51021
5.45419
4.76134
4.36485
4.12122
3.45262
2.21162
3.55439
4.83037
4.50233
3.82943
3.49887
4.21638
3.76154
4.13934
4.97820
5.11886
3.83832
4.12262
3.81590
4.27823
4.67351
4.29741
4.88280
5.40899
5.00417
5.16638
5.53135
5.04419
5.11898
5.10177
5.57741
5.56674
4.37860
4.30550
3.59951
2.11725
3.71143
4.09394
4.68000
4.31900
3.87399
1.75514
4.55282
4.45509
4.97421
4.69644
4.66277
6.13180
5.69672
5.18015
4.56287
5.01622
5.24684
4.26814
5.02202
4.21910
3.57602
3.70324
2.99392
3.64565
4.65887
4.32696
3.28119
3.34601
3.21109
5.17385
5.67162
4.30952
5.05738
3.87858
4.49921
6.01194
5.86212
5.52387
5.18919
3.93698
3.77894
4.23270
4.13289
4.11643
3.77939
3.56274
3.90388
2.95729
3.27360
3.31755
3.07526
4.17810
3.63573
3.19643
2.78279
3.00871
2.87059
3.08900
3.35404
3.16984
3.12705
2.99178
3.59042
2.64741
2.77865
2.27772
2.76777
3.01734
2.10938
2.68862
3.37112
3.29164
2.31005
2.39947
2.12213
2.06264
2.67772
2.91393
3.13718
2.21817
2.41281
2.39409
2.32704
2.13655
2.58147
2.37527
2.09815
1.97735
2.81704
1.89189
2.53723
2.04090
1.94134
1.74445
1.92684
1.98509
2.31497
1.78853
1.87332
1.69043
2.91466
0.87635
0.67588
1.09130
1.30777
1.67636
0.83953
1.23741
1.73262
2.24079
0.55588
0.81079
1.03995
1.44566
1.15435
1.60922
2.12866
1.05273
1.24619
1.28045
1.37675
1.56987
1.49809
1.58058
1.46875
1.48092
0.55533
1.27759
0.93384
1.52930
