1.38909
1.47265
1.59391
1.86435
1.88878
1.85245
1.61185
1.77257
1.38384
1.63001
1.64194
1.00539
0.73419
0.36783
0.53732
0.97926
1.16628
1.52869
2.05023
1.90624
1.77018
1.88067
0.34991
0.42301
1.11515
1.11716
1.50796
1.76092
1.70580
1.44880
1.62333
1.34595
1.71600
0.94741
0.82003
0.65018
1.19101
1.69606
2.23166
2.53455
1.92069
2.41984
2.71631
2.84239
2.79076
2.83991
3.11355
3.37514
2.74471
2.92811
3.81071
1.22425
1.44798
1.73672
2.27755
2.83825
3.44786
2.42274
2.57476
3.14644
4.23099
2.29184
2.54557
3.89529
3.36972
3.34596
3.20942
2.45037
4.15956
3.52305
2.48316
3.43233
2.65646
3.17137
2.73282
3.89291
4.38656
3.03739
3.49793
3.71673
4.39982
3.79501
4.64024
5.54288
5.51828
5.53510
5.52729
2.71673
3.55728
4.16458
5.02322
4.41824
5.00721
5.78571
4.99312
4.91113
4.82686
4.69426
4.26366
4.63794
5.07108
5.59777
5.60968
5.00224
5.05015
3.66939
5.50280
5.61630
4.71768
6.14160
4.81506
4.62255
4.46954
5.54398
6.53970
3.22017
0.88917
2.51336
4.47700
5.01795
5.30636
4.55601
4.32878
5.32419
5.60201
6.04789
4.33304
5.04746
5.52860
5.46262
5.53478
6.03365
5.80206
5.73829
4.53542
4.61430
4.75255
4.74708
6.46582
5.77701
6.44616
5.01888
4.57785
5.89224
6.33023
6.82726
6.48964
6.15714
6.67111
5.06114
5.17703
6.34352
7.10606
7.06495
4.60057
5.36044
5.78538
6.47686
4.74742
6.28941
5.93147
6.72128
5.13057
6.11792
6.60903
6.36984
6.70593
6.91905
6.12761
5.94894
4.98895
5.78912
6.84540
5.80028
6.07921
6.95096
6.54247
7.08131
6.46760
5.60824
6.16114
7.52885
6.97764
6.87538
6.85103
6.14137
5.81191
7.44222
7.68014
5.42501
5.37073
5.62810
6.18933
5.83452
4.74585
4.47869
5.65892
4.49512
2.65455
3.48308
3.47990
4.13814
3.87200
5.07414
5.34998
6.19710
5.57941
3.36749
3.66219
4.49382
4.14941
3.56561
0.87524
2.70635
3.98103
4.27848
4.60268
5.52792
3.86687
3.54629
3.55528
4.52218
2.34054
4.17193
5.35956
5.82697
5.21462
5.33151
5.42975
4.14913
2.86168
2.92833
3.74002
4.60443
4.61229
5.16838
5.29776
4.90919
4.15259
4.50189
4.77778
4.55195
4.40766
4.32384
3.92485
4.44690
4.70216
4.93772
4.74377
5.21241
5.25523
5.59861
4.72860
3.69902
3.81527
4.56428
4.25704
3.09187
4.00857
3.97263
2.37483
2.98550
3.87127
3.91752
4.65176
3.59295
4.82203
4.79291
4.34158
2.67521
2.15492
2.18159
3.10823
2.84433
2.70065
3.81555
2.66066
3.44017
4.80573
4.31156
4.37633
2.84379
2.42519
2.76917
3.21451
3.21231
2.20756
3.91116
1.44998
1.61081
2.16582
2.78759
2.80818
2.94857
3.36611
2.66003
3.04027
3.42018
2.64841
3.18421
2.44721
2.58078
2.67543
2.97665
2.73418
2.62559
2.53517
2.87135
3.60964
3.06805
2.41823
3.40573
3.69149
2.66312
2.72890
1.51237
2.22441
1.92708
2.26641
2.38547
3.05821
2.42539
1.44145
1.90734
2.62714
2.71012
2.63841
2.11163
1.69049
1.34604
1.48574
1.57776
2.36753
1.12098
1.51164
2.05897
1.33098
1.68006
1.87793
2.18451
1.53494
2.47857
2.27289
1.51861
1.51443
0.77028
0.91219
1.24936
1.56316
1.68773
1.78177
1.99357
1.91029
1.81619
1.91769
2.01105
1.92382
2.01720
2.07410
2.11829
2.13886
1.88341
1.92283
2.13744
1.83166
