1.85703
2.01885
2.03669
2.10983
2.02924
2.63013
1.89473
1.58497
1.65842
1.80096
1.88393
1.75257
2.20375
2.15605
2.58610
2.68143
2.27508
2.29727
2.14187
2.03499
1.87825
2.14981
2.47438
2.67009
2.86295
2.71857
2.19939
3.03079
2.36267
2.57062
3.06926
3.47503
4.07898
2.12408
2.85455
3.73931
2.35748
1.64211
1.16509
2.01730
2.09134
2.22670
1.07274
0.70674
1.33688
1.59765
2.16347
2.95657
2.91769
2.63962
1.25068
2.71528
3.21644
3.02708
3.08938
2.11657
2.02789
2.55534
2.55863
2.07638
1.90129
2.44654
3.08440
1.89966
2.72040
3.41633
3.42643
3.72713
3.58186
3.87130
3.95900
3.92191
4.06617
3.62726
2.93783
2.37486
2.67210
3.06113
3.30565
3.55930
3.61984
4.30592
4.81042
4.46922
4.69028
5.74430
4.22022
4.02274
4.44537
4.97478
5.88606
5.66185
5.05936
4.30818
4.99101
4.35507
4.46886
5.47742
5.62411
5.51627
4.71126
5.16130
5.89244
5.78769
4.50123
5.16310
6.51980
4.64041
4.47269
5.68843
6.07871
6.01198
4.89208
5.27496
5.18512
5.44227
5.67559
6.17929
6.66383
5.61519
5.72295
6.50912
7.26757
5.43479
5.66902
6.01336
6.86117
6.03855
6.90935
5.66287
5.06591
5.32086
6.23536
6.63376
7.86326
4.99113
6.58881
7.20245
5.47454
6.44833
5.39066
5.37929
5.83980
7.48772
6.34874
5.65807
6.94807
7.74903
6.19274
5.75457
5.59741
5.91887
6.64624
7.18200
6.70481
6.63063
6.13301
6.58720
6.03910
6.90837
7.25713
6.83920
6.45498
5.67283
5.12265
7.10896
5.27950
4.98739
5.29696
7.87589
8.30906
7.83028
7.53836
8.10100
7.86083
6.53481
6.02866
5.60938
5.22670
4.82849
5.46672
6.71204
7.22004
7.75789
6.95047
7.36569
6.96876
6.82032
7.47423
6.66166
5.88747
5.45527
5.20591
5.61998
6.20494
5.05098
7.29440
1.92523
4.66791
4.72083
4.99798
5.76141
4.93953
5.87302
5.47429
4.95595
4.76572
5.01729
4.54245
3.70202
4.35654
4.12734
3.61335
4.68584
5.17112
5.50570
5.77093
5.50921
5.27348
4.70270
5.91857
5.70296
4.95995
4.46862
4.87747
4.74877
3.14375
3.98394
4.25295
4.25507
3.68761
4.28702
4.67876
5.25143
5.33799
4.30454
4.12599
3.93389
2.55980
3.75878
4.15745
4.34133
4.29228
5.64978
6.06583
5.41032
5.32057
3.83952
4.28983
3.61499
3.56240
3.62119
3.67126
3.82189
4.78157
4.88599
4.36078
4.50410
4.53203
5.07286
4.05208
4.45256
3.80146
4.02478
4.90264
2.70519
1.95552
3.30417
3.86448
3.88756
3.61616
4.26959
3.65278
5.42069
4.80728
4.55360
4.01201
3.50345
3.59012
1.16922
2.96377
1.95528
2.50396
3.10020
3.02271
3.72667
3.97623
3.33659
3.19869
4.05949
4.01578
4.15919
3.75837
4.14860
4.00833
2.81180
3.72280
4.48262
3.30096
2.46303
3.05578
4.08872
4.15083
3.52735
3.22270
3.42401
2.75923
2.36626
2.35032
2.87414
2.34507
2.39595
2.81019
3.06637
1.00101
1.87761
0.99991
1.71585
1.55878
2.47629
1.73592
1.91153
2.30281
2.13414
2.57714
2.78349
1.84099
1.78910
2.45657
2.17124
2.21201
2.61674
1.83825
2.15204
2.76054
1.98279
1.89902
1.97250
2.43116
1.65103
2.54975
1.69653
1.42391
2.03726
2.25635
1.40784
1.43849
2.17400
2.05321
2.08298
1.90474
2.41703
2.09339
2.00369
2.87489
1.91736
1.95335
1.56489
1.77545
1.29722
1.47484
1.49229
1.69873
2.20940
1.56102
