2.24329
2.18626
1.81873
2.54748
1.79422
2.46346
2.93754
2.12164
1.67878
1.59437
2.24833
1.71266
2.05242
2.25348
2.07892
1.85219
1.94235
2.34665
2.40409
2.65247
3.51239
2.41556
2.65060
2.34719
2.19570
2.11031
2.66399
2.70404
2.52116
3.21758
2.86284
2.85516
3.27669
2.33035
2.66728
2.65090
2.78765
3.24938
2.06217
2.95336
2.69322
3.75333
3.26160
2.85524
2.02172
2.72194
2.63031
0.92280
2.27040
3.13247
2.64150
3.02146
3.24723
3.86406
3.24015
3.47216
3.99134
4.25431
3.06437
3.37798
3.79036
3.76176
3.21444
3.68079
3.96984
5.40006
5.05003
3.47271
3.52661
2.61874
3.84709
4.01248
4.39173
3.99538
3.52005
4.91141
5.94527
2.17356
1.52701
2.81972
3.73429
4.31620
4.43738
4.80395
5.58775
4.92521
4.55208
4.91700
4.99781
4.79484
5.20022
5.98917
4.70336
4.46026
4.46443
5.58258
5.16749
4.87094
5.36290
5.15139
5.87772
6.11115
4.48542
5.69740
3.03354
4.16388
4.35151
5.40824
6.27620
6.17137
4.98822
5.29837
4.74349
5.94541
6.39333
5.08717
6.02037
5.57096
5.80424
5.96065
5.50522
6.49111
6.50891
6.28011
6.52544
6.94521
7.12523
6.37514
6.11129
3.20551
5.33962
6.55847
6.67455
6.35440
6.29869
7.50426
7.05375
7.51564
8.39682
6.32638
5.41709
6.97758
7.71068
9.35058
8.84615
8.96049
7.79614
6.23672
6.41342
6.75577
6.88068
6.34094
6.27648
7.82546
6.61826
6.99899
7.11179
7.37618
7.17918
7.42672
8.68022
7.56894
6.56455
5.94475
6.15245
7.63279
7.48651
5.12177
6.01011
8.81501
8.64611
7.13137
6.29675
6.15074
5.79549
6.28830
5.31342
4.93445
5.41884
6.64094
7.55332
7.53394
6.82405
6.40543
3.80582
3.69061
5.10527
5.57739
4.29332
5.69451
5.71182
5.80852
5.54176
5.62029
4.38911
3.56255
4.34120
4.34081
4.85829
6.33701
4.99184
5.28227
5.23025
4.04110
4.94327
4.37571
5.82462
5.93369
5.37662
3.74940
3.69998
5.22322
4.79278
4.96601
5.36295
5.01992
4.66607
6.23586
5.89204
4.77087
5.46872
6.30849
6.74209
6.24106
5.48081
6.24861
5.01976
4.99179
4.47579
2.53765
4.21955
4.40839
4.17915
3.65685
3.10060
3.47898
4.65794
4.79721
4.33115
5.29051
5.78943
5.39757
4.54106
4.53302
5.03307
4.65698
5.26081
4.61375
4.11000
3.81887
2.74986
4.31789
4.41777
3.98546
3.52708
3.22283
3.75989
4.74331
4.29860
5.24638
5.36004
4.74164
4.42791
3.43518
3.72811
4.95870
5.54566
4.45343
4.35651
4.34822
3.16077
2.08502
3.28392
4.90573
4.74661
5.27731
5.24757
4.77979
4.38773
4.54251
3.40649
3.89728
4.04030
4.50496
4.25455
4.27324
3.41508
4.11842
2.95419
3.10035
4.12580
3.61248
2.81434
3.74306
3.84038
3.31310
3.46548
3.86304
3.13336
3.99561
2.73594
2.67659
3.09225
3.12247
2.54329
3.12663
3.01092
2.15319
2.99330
2.60531
2.34990
2.59297
3.19384
3.23638
2.09507
2.12294
2.74294
2.58014
2.31604
1.88243
2.05056
1.97969
2.03453
1.62547
2.39891
1.98588
1.99411
3.07016
2.06781
2.79365
1.88172
2.48746
1.79300
2.10395
1.82193
1.86821
2.55921
2.20101
2.03647
1.73889
2.57791
2.18337
2.03876
2.53773
1.58442
1.59729
2.39805
2.67287
1.50535
1.29702
1.19932
1.33830
2.40976
1.52722
1.82776
1.88600
1.96257
1.52917
1.90655
1.14279
2.39321
1.55745
1.20133
2.01676
2.46589
0.80899
