1.55818
1.16706
1.28193
1.52248
1.96424
1.63337
1.51598
1.55221
1.81047
1.46815
1.55862
1.12199
1.50112
1.60604
2.01017
1.85059
2.46610
2.92296
2.30201
2.51099
2.76030
1.76053
1.87233
2.23167
2.82050
2.90516
2.51554
3.39403
1.22313
1.73512
2.16206
2.15306
2.05009
2.45660
2.89064
1.77962
2.00193
2.95493
1.88996
2.27926
2.21378
1.31549
2.43773
2.99380
2.77133
2.85249
2.89127
2.60780
1.91372
2.73066
2.95439
3.59667
3.35714
3.63796
1.46327
2.05680
2.18842
2.33634
2.94716
3.37443
1.95135
3.41426
3.46592
3.48960
3.26925
3.07674
3.54475
3.59107
4.04268
4.16302
1.61237
1.98312
2.88236
2.46645
3.59579
3.95164
3.37214
3.05646
3.50769
3.47571
3.98748
3.85584
4.10931
3.96113
1.90031
2.90372
4.70128
3.74912
3.76596
4.43072
6.18203
4.09217
4.49887
4.90688
4.75669
5.55898
4.31023
4.55025
2.04834
4.52213
5.17654
6.08328
5.45395
5.40443
5.72181
4.74273
5.47361
5.17967
5.13784
5.61492
5.45481
5.26707
4.73599
5.08581
5.27406
5.00449
4.93311
5.41699
2.36034
4.25950
4.77294
3.53420
5.06474
5.03182
3.62102
5.15239
5.06505
6.76885
6.94347
6.33604
6.14441
4.48266
5.51224
4.91340
6.56715
5.90113
5.09771
6.58235
6.61457
5.76465
5.59277
5.52777
5.18007
5.47268
5.77202
5.73761
4.01505
6.15250
6.74207
6.76391
5.28491
7.60436
6.85195
6.03253
5.98801
7.63292
7.20745
6.77116
6.65434
6.58582
6.75045
6.63866
7.35991
7.71690
7.47215
5.51697
5.77645
6.46900
7.49840
6.70562
6.06563
6.79127
7.47184
7.29734
6.32720
6.21028
6.50717
6.30328
6.05098
5.01342
5.27904
6.23659
4.93121
6.25143
5.67029
3.52005
2.83362
4.37987
5.80784
6.07003
6.38468
6.40880
6.11985
4.97186
5.01016
4.68654
4.38151
4.34592
4.47670
4.90648
4.53839
5.63891
4.97526
5.95231
4.81229
4.00586
4.26284
3.61934
4.44632
4.49395
4.39005
3.72308
4.36106
4.96705
4.70178
4.94434
4.41957
4.38838
4.63889
5.16839
4.98618
4.46950
4.22808
3.54111
3.91161
3.82332
4.21623
4.69018
5.44565
4.24672
4.79180
4.77604
4.76347
4.48705
3.58662
3.50803
4.46917
4.18350
3.85641
4.27048
3.69896
3.62606
4.17242
4.94993
5.32380
5.49236
5.00588
4.73946
4.75128
4.79451
2.98922
3.43800
3.03570
2.84881
3.52207
4.53751
4.54825
4.96613
5.23575
3.71921
3.19759
3.34246
4.24014
4.60940
3.97825
3.78702
3.43231
3.94470
4.79321
5.98727
4.53797
4.34963
4.60823
4.19819
3.78230
4.18720
4.67631
4.58759
3.54037
5.23316
4.52408
3.34060
4.11527
3.37551
3.25061
3.65210
3.01565
4.08232
3.05720
3.00389
3.63328
3.22082
3.20054
2.57953
2.90575
2.52225
2.86542
2.93870
3.33828
3.72766
2.26802
2.86714
3.41014
3.33473
2.44071
2.95722
3.01078
2.76608
2.25314
2.40081
2.91480
2.87415
2.00614
1.83323
1.93822
2.58310
2.40176
2.27599
2.05235
1.52014
1.23413
1.26821
1.69927
1.96102
1.87885
1.83471
1.60868
1.80795
1.20302
0.37460
1.26974
1.29299
1.52629
1.23154
0.47755
0.76894
0.99856
1.24703
1.35617
1.47695
1.99005
1.22736
0.73578
1.23952
1.01366
1.26784
1.54937
1.31368
1.36961
1.60892
1.60528
1.58158
1.62082
1.88698
1.98161
1.55882
1.15990
1.22133
1.20717
0.90262
1.16292
1.14264
1.19284
0.72926
-0.01646
