0.07254
0.13730
0.18363
0.50112
1.01724
1.31231
1.44668
1.48825
1.71839
1.69812
1.93313
1.81336
1.93208
2.48763
2.07322
1.78800
1.57793
1.72876
1.58705
1.06627
1.51042
1.56240
1.78952
1.20203
1.79679
2.00092
3.01700
1.84910
1.89549
0.59678
1.42052
1.64251
1.51490
0.40322
1.36089
1.17509
1.26732
1.59823
2.12844
1.81184
2.17082
2.26518
2.47754
2.85304
2.46960
2.34288
2.36125
2.71343
2.90199
3.14651
2.59430
2.80076
2.92226
2.95340
3.42805
2.28576
2.69745
2.72802
2.88741
3.29131
2.88354
1.06472
1.32038
2.39990
2.55742
2.70248
3.11560
3.84239
3.63896
3.64636
3.16862
3.48380
3.78076
3.12637
3.27588
3.99628
2.54090
1.87264
2.78039
3.61033
2.60461
2.68675
3.68969
2.12584
3.00878
3.43039
3.77122
3.82952
4.13661
5.35673
4.89410
4.53405
5.89424
3.63252
2.16366
2.66904
1.48250
3.08091
3.85170
4.84118
3.67929
2.54143
3.36334
3.58684
4.03200
4.29641
5.05252
5.07467
4.47417
3.79456
3.97570
4.16828
4.83673
5.81245
5.95739
5.44287
5.37336
5.41661
5.33905
5.52917
5.17299
4.74954
4.52194
5.63986
6.84388
5.93137
4.73776
5.57594
5.87129
6.73631
6.72332
5.80472
5.70669
5.47367
5.35485
6.58467
6.22339
5.49126
6.27173
6.53000
5.64501
5.51543
5.76532
5.22153
4.39703
4.74851
5.86215
6.11364
5.51173
5.88397
6.54489
7.12628
6.73626
6.12338
6.84543
6.47125
4.91223
5.89424
6.86526
6.57681
5.37552
7.24941
7.73860
5.86914
5.74464
5.40975
5.89954
6.57116
6.49894
6.67828
6.63900
4.92979
4.50372
3.44142
4.26438
6.77075
7.40114
6.47719
5.72887
6.20633
7.13605
6.73650
7.19575
6.73114
6.15635
7.43816
6.44365
4.85943
5.11801
4.17264
5.08473
5.10605
5.20838
4.98217
5.47090
4.88332
4.82143
4.50593
5.27520
4.96531
4.27453
3.89701
3.55684
4.18035
4.50109
4.52072
4.13746
4.08653
4.82584
4.78983
5.53701
5.44828
5.36817
4.87441
4.87756
4.33750
5.19825
5.55780
5.09471
5.01387
4.34262
2.97133
3.64898
4.56099
5.05135
5.84963
4.34163
4.37225
4.45057
5.23541
3.63209
4.44246
4.95004
3.87463
3.91382
3.91036
3.90083
4.25592
4.80772
4.34127
3.96953
4.25255
4.79051
5.14378
4.77096
3.78750
4.70555
4.53422
4.01312
3.63163
3.95172
4.06610
4.07171
3.86300
3.97111
4.07196
3.53792
3.71997
3.21362
2.97493
3.52524
3.61475
2.58428
3.77739
3.09893
3.10792
2.60893
3.43417
3.74504
2.50647
2.50395
1.70504
2.77714
2.77616
2.41302
2.12996
2.63577
2.71436
3.43641
3.52621
3.43787
3.25929
3.63782
3.82766
3.64228
4.49921
4.46544
3.28362
3.03130
3.10070
2.60408
2.41172
2.65645
3.09039
2.77104
3.11761
2.86223
2.99153
3.22462
2.61072
1.85679
2.67163
2.45740
2.84160
2.97122
2.02881
1.43099
1.95516
2.02826
2.19059
2.48560
2.71243
1.77428
2.10200
2.76963
2.97889
2.07815
2.23834
2.52979
2.38253
2.77386
2.74075
2.35795
2.97041
0.61471
1.25443
1.46254
1.63711
2.09931
1.61303
1.46155
1.35338
1.79403
1.85604
0.60463
0.88942
1.60706
0.89827
1.46900
1.58448
1.71089
1.42621
2.54704
1.87057
1.92905
2.06722
1.84831
1.69265
2.12875
1.65534
2.29963
1.16023
1.93352
2.22515
2.17267
2.13935
2.41084
2.50740
0.94341
1.12481
1.37476
1.12747
1.36118
1.58464
1.63696
