1.04738
1.42990
1.91330
1.52106
1.33671
1.49084
2.36146
1.89050
2.10665
1.86889
1.95805
1.91683
2.04534
2.58397
2.07945
2.42257
2.73231
1.99314
3.09688
1.96064
2.01314
2.83367
2.40110
2.56959
1.88152
2.49495
2.54543
2.08476
2.73751
2.90704
1.72324
2.38471
1.93365
1.34144
1.81614
2.61118
2.69552
2.61849
4.21287
2.41979
2.33817
2.77090
3.17401
2.83776
3.36582
3.11367
3.80630
3.55136
3.89685
4.23051
2.84089
3.24765
3.48525
3.54176
2.65995
3.38419
4.02536
1.81189
3.09259
3.33181
3.83910
3.94247
4.19871
3.99570
4.55303
5.06967
3.66262
3.62647
3.87638
4.64291
4.22410
3.93248
4.31032
4.52161
4.71392
5.35924
5.07399
4.87434
5.82115
6.19997
4.01254
4.52955
4.47831
4.50322
4.66696
4.46025
4.81578
4.71814
5.37687
5.79235
4.17531
6.42454
6.62796
4.35037
6.23330
5.40688
5.74956
5.92655
2.59185
3.66335
5.29958
5.78455
5.76070
5.71939
5.19581
5.64554
6.72159
7.13388
6.08856
5.86494
6.20551
6.35771
6.50144
6.56814
6.01841
7.09340
6.18048
6.19545
7.78373
6.90866
5.63686
5.71799
6.48631
5.88595
5.06063
6.06424
7.25441
7.87615
7.52990
5.69129
5.54967
5.62990
6.25680
6.72043
6.76486
7.09451
6.14797
5.83906
5.12781
5.68802
5.26406
6.78417
7.48895
7.11133
5.99047
7.13524
7.45803
8.09748
8.80132
6.49547
6.60921
6.88786
7.62856
7.73905
6.97389
6.98781
7.45906
7.73447
8.17787
7.19011
6.56400
7.37702
7.98966
7.95045
7.24642
7.10935
9.01534
8.50029
8.13625
9.97549
7.13270
5.81696
6.69546
7.96587
8.12772
7.15346
6.43789
6.31588
5.89965
5.85923
5.60966
6.74718
8.35868
6.65549
5.01032
5.57114
5.17895
5.13506
5.49559
5.50189
5.40974
3.28005
3.80331
6.89783
6.88653
5.82372
6.45113
5.69464
5.49223
5.02256
5.89703
5.50245
6.08596
3.79554
2.95351
2.74780
4.72487
5.37626
4.55082
4.89366
5.62919
4.67416
4.94403
5.16708
5.25151
5.61193
5.79660
5.28867
5.22956
5.06482
5.76474
5.09339
3.49036
4.07533
4.50062
3.86877
2.83449
3.86218
4.77029
4.04994
4.61264
4.50327
4.35501
4.65603
4.81171
5.37700
5.57609
5.96612
5.50367
4.95389
5.26561
4.65941
4.34019
4.49602
4.54699
4.62838
5.30579
4.57457
5.16755
4.60291
5.06202
3.34946
3.82888
3.98939
3.20278
3.48963
3.56018
3.17503
3.74572
4.38990
3.83096
4.34243
4.39122
3.78332
3.83689
3.65550
4.33686
4.35529
4.02706
3.19387
3.50975
3.56355
5.30598
3.81621
3.24047
3.33169
4.36537
4.56966
4.54599
3.17683
3.13921
3.50102
3.21604
3.83866
3.99114
3.63678
2.92213
3.51246
3.70944
4.27614
3.83428
3.19518
4.04027
2.57301
2.97964
2.88678
3.44603
3.58139
4.32567
2.28107
3.06048
2.14046
2.38057
2.59399
3.57259
2.86270
3.12102
4.26993
2.00543
2.25109
1.50908
1.89186
2.88179
3.12174
2.11263
3.00829
0.98326
1.83006
1.92377
1.84446
2.25677
2.81528
2.68154
2.68082
1.71135
1.94978
2.72703
2.69994
1.37970
2.26269
1.98337
1.81737
2.09425
2.63079
3.41591
1.21196
1.17512
0.89744
0.95679
1.14850
1.32532
1.58063
1.76676
1.64213
1.97187
0.88552
0.61246
1.17398
1.40626
1.81669
1.94582
1.23401
0.98090
1.26756
1.16219
1.10555
0.93430
1.31125
1.62885
1.59683
1.88965
1.87410
1.87370
2.10608
1.97662
