1.36635
1.07944
1.33164
1.78377
1.85289
1.92576
2.76457
1.35441
1.84695
1.51346
1.62926
1.24937
1.72265
1.30216
1.96075
1.80371
1.93208
2.31289
2.64699
2.32590
2.80839
1.60054
1.92311
2.52388
2.20664
1.60383
1.63928
2.16157
1.81939
0.42332
0.77217
1.35180
2.16317
2.49395
2.57770
2.63080
2.49857
2.73791
2.70591
2.78103
3.16039
3.19768
2.86415
2.65561
2.48828
1.87207
2.51113
2.81750
2.83917
3.60876
2.90108
3.57319
4.06616
3.73622
2.13444
3.05609
3.46047
3.91428
3.33185
3.81075
1.98602
2.69499
2.51519
3.28241
3.63642
3.38456
3.70068
3.26329
3.64146
4.25584
2.29461
3.84714
4.56546
4.71077
4.14482
2.43331
2.45721
2.37733
3.22491
3.89568
4.22836
4.39751
4.65097
4.57248
4.33283
4.05986
5.06151
4.73134
3.97417
4.81979
5.41033
5.99776
4.12680
5.34392
5.54040
6.10902
5.97011
5.57496
5.00677
5.56186
5.98441
1.31300
4.45762
4.57098
5.97374
5.53443
4.77274
5.24973
4.95587
4.94409
6.00236
5.99687
5.80420
4.30177
5.81221
3.83736
4.45252
5.46572
5.76752
4.74260
5.14849
5.40430
5.72020
5.11520
4.82758
6.39749
6.12134
6.47299
5.20430
5.12883
5.50473
4.48921
5.54153
6.55288
4.84733
4.95603
5.71297
7.27179
5.76830
6.52623
6.52844
7.10530
5.45426
5.25200
5.61043
5.94731
6.23992
5.95515
5.71547
5.30745
5.68284
7.63749
7.49785
7.55447
6.33144
5.04793
7.16931
4.90931
4.61197
4.17559
6.14238
6.57719
6.04664
6.08281
5.87806
5.65130
5.71792
6.17068
7.50644
7.22213
7.62866
7.41533
7.61664
6.55185
5.59668
5.01738
4.99212
5.73429
5.41804
5.25368
5.38577
4.42261
5.94620
5.36802
4.46973
3.69031
5.66679
4.78469
5.86290
5.66544
4.77824
5.05616
4.58308
4.45525
4.64052
4.30682
5.45387
3.65679
4.57296
4.68975
5.74835
5.49675
4.09219
3.29654
5.13066
5.69613
5.98384
5.43558
5.13329
3.01345
4.15499
4.19165
4.27840
5.00797
5.17320
5.77237
5.54075
4.11099
3.61662
3.50966
4.05383
4.08834
5.31975
5.15702
4.90295
5.00144
4.99992
6.01242
5.54088
6.54926
5.61392
4.52055
4.39111
4.45512
4.23750
4.39906
3.94488
4.20235
4.16039
4.33813
4.23214
4.26458
4.19704
3.78520
4.19418
3.29018
2.13557
2.77571
4.19249
4.24189
3.75147
2.58188
1.94756
3.95803
4.48479
4.21358
3.68528
4.59225
4.05495
4.13282
4.05452
3.60773
3.63096
0.94563
2.49213
3.60806
4.16577
4.40105
4.39927
3.76833
4.69276
4.14981
4.30533
3.98935
4.94405
4.87451
3.45177
3.13570
2.76874
2.01190
3.04725
3.64669
3.41075
3.56394
2.91941
3.89081
3.45115
2.94276
3.36607
3.54616
3.37079
4.04736
2.64823
2.43284
2.04215
2.77118
3.68208
2.93103
2.90588
3.24809
2.68059
2.31908
1.53854
2.38765
2.37557
3.14728
3.86661
2.18905
2.09618
2.27471
3.06501
2.44898
3.15442
3.42484
2.34785
2.73712
2.64535
3.09724
1.86123
1.47272
2.08894
2.01752
2.34399
2.16485
2.59040
2.12462
1.97358
2.34720
3.03364
1.58832
2.58167
2.00790
2.10610
1.58276
1.83803
2.03290
2.02239
2.31302
1.92874
2.26794
1.63839
1.62449
1.91289
2.28223
3.47431
1.18424
1.84285
0.96324
1.31494
1.23203
1.39620
1.88714
1.89388
1.92437
1.45224
1.88527
1.56957
1.63974
1.72200
1.80478
1.52392
1.43671
1.00182
1.41772
1.44949
