1.59237
2.10562
2.06280
1.75441
1.50674
0.69479
1.01438
0.91769
1.11633
1.31352
1.76093
1.73582
0.98261
1.47660
1.43035
1.42930
1.72940
2.06034
1.85377
1.48213
1.66209
1.77162
2.27893
1.83111
2.44053
1.64003
1.90818
2.02776
2.52023
2.72726
2.42724
2.56650
2.56150
2.31360
2.30287
3.28393
2.77245
2.37693
2.55428
2.35662
3.40967
2.33641
2.26653
2.04357
2.57133
3.06343
3.37484
3.63153
2.96211
1.87094
3.52718
2.89017
2.91423
3.56347
4.34788
1.92952
2.69326
1.95886
0.54739
2.05406
2.78187
3.28014
3.57807
3.46877
3.41350
3.56450
3.98646
4.40249
4.22571
3.34157
3.52814
4.31227
4.17691
4.59149
5.18948
4.74475
4.92778
4.68786
4.16856
5.20069
4.84267
5.47433
4.65948
4.30645
2.58976
4.26730
4.45196
3.84789
3.25611
2.88605
5.15563
5.54691
2.55664
2.43447
3.91464
3.99883
4.57486
4.75096
6.23983
4.89004
3.86167
4.51239
4.69311
4.58107
4.31273
5.08413
3.27843
3.97093
5.19753
5.77308
6.33632
5.99363
6.56042
4.85396
3.99549
4.32475
4.91200
6.24836
6.97111
5.80651
6.95633
5.52707
5.11971
5.45744
5.26199
5.89439
6.07759
5.63925
5.65711
4.21695
3.22697
4.73337
6.15821
6.69034
6.34777
4.97892
4.33060
5.19391
4.73352
4.02314
4.93861
4.96147
5.56632
6.77044
6.24272
5.68302
5.47016
6.39425
6.26094
6.38258
6.40487
6.96536
6.84344
6.63647
6.34845
7.82935
4.47663
4.89383
5.23963
5.79067
5.97518
6.29633
5.64858
7.45480
6.98793
6.57054
5.44078
5.21243
6.25728
6.47348
7.36118
6.58707
6.98704
7.40541
6.57714
6.67062
5.23218
5.29708
6.30694
6.55567
7.36116
6.71775
7.11877
7.44335
6.93979
6.48409
6.64281
4.30458
5.40272
5.46124
4.80696
5.80602
6.48359
5.28561
5.65004
5.20280
5.27647
4.54126
4.77121
4.30414
3.27324
2.79901
4.17950
5.34181
5.95304
3.97909
3.50539
3.98792
4.20512
3.62077
3.99789
4.82656
4.78432
4.99791
4.14990
6.07959
5.18017
4.25941
4.05767
4.39035
3.05647
4.10740
4.61593
4.58516
4.47408
4.38911
5.11881
4.26913
3.07643
3.54167
4.27298
4.80420
4.24970
4.21771
4.38060
4.08672
4.68456
4.31887
4.24478
4.82831
4.62510
4.15053
4.05757
4.75926
4.74374
5.46941
4.83076
4.36710
3.86975
4.01663
4.43808
4.36506
4.12784
4.20228
3.65204
3.25337
3.65061
4.10750
3.90647
3.32395
3.94685
3.84911
3.89265
3.13488
3.19893
3.65136
2.09916
4.15263
3.72473
3.73529
3.73079
3.32597
3.40828
4.06915
3.88608
4.04680
4.16406
3.60276
4.36270
3.48429
2.95171
4.10757
5.07675
5.50950
3.43390
4.16981
4.64615
4.15600
4.43813
3.75253
3.29880
3.70072
3.04973
2.95699
3.34330
3.23530
3.95106
3.35282
2.96778
1.84393
2.45676
2.82966
2.82571
3.06488
2.68031
2.94554
2.51532
2.66341
2.51472
2.63118
2.82921
2.93467
2.65973
2.64368
1.45007
0.95921
1.90988
1.89339
1.65402
1.74931
1.67183
1.97006
1.92373
2.37464
1.87891
2.40210
1.97925
2.05576
2.23005
3.55416
1.74513
1.49867
1.54233
2.37899
0.92334
0.65010
1.11761
1.59036
1.81338
2.00392
1.26241
1.42446
1.46085
1.16757
1.61612
1.60760
1.67176
1.86702
1.63172
1.85302
1.66069
2.74691
1.67404
0.44032
1.40969
0.79533
0.95913
1.01296
0.85116
0.99957
1.05828
1.45720
1.67675
1.39835
1.55101
