2.00798
2.31774
2.51107
1.33730
1.27679
1.87858
1.84179
1.80168
2.44854
1.98928
2.29012
2.48789
2.28612
2.13430
2.43505
2.46198
2.35169
2.63431
2.55483
3.35488
2.43513
0.61339
1.32466
2.04779
2.79381
3.28184
1.97601
2.27966
2.65968
3.13073
2.59568
2.96991
2.67127
3.17193
3.08369
3.91845
3.99192
4.37847
2.07273
2.68818
1.65453
2.00245
3.41584
2.84863
2.67521
2.64513
4.34045
2.33002
2.60535
3.18284
3.00200
3.44661
3.35373
4.15013
3.85655
4.56501
4.46694
3.88885
4.25418
4.35111
3.68556
4.12876
5.06332
4.98883
4.77682
4.40612
3.52239
2.83101
2.87383
3.42284
3.76275
3.23549
2.54603
3.59548
3.48035
3.83897
4.30761
3.62502
2.71199
5.01886
5.70753
4.67632
4.21935
4.84988
6.03311
4.37642
3.54720
5.70929
5.47972
4.45978
5.49852
4.83096
5.65898
4.65554
4.22731
5.96568
5.24917
6.78430
4.96155
6.61296
3.01388
4.00390
4.00651
6.40025
6.00090
4.43618
4.58927
4.78331
5.76106
6.02562
5.55769
6.16440
6.21702
6.48723
6.92070
5.73933
5.17409
6.67177
5.89634
5.63356
5.49245
6.79892
6.06602
6.66103
6.77896
6.39391
6.65671
6.94715
6.84468
7.01716
6.98727
7.51911
6.79298
6.81519
6.20265
5.95583
6.02682
6.72179
3.91471
2.02658
1.74163
4.68752
4.56189
5.08706
5.48343
4.82808
4.97833
4.91353
4.98333
6.44279
6.70169
6.13205
5.90069
5.30944
6.92957
5.55259
8.01134
7.06825
7.31333
5.68482
6.99744
7.42499
7.64214
5.30527
7.21787
7.32760
7.78420
7.32425
6.47048
3.64254
5.15786
6.30335
5.37513
4.41105
4.29989
4.43568
4.52783
4.48548
4.01946
4.57706
4.43616
4.52134
3.73306
3.17511
4.64804
5.71168
5.88886
4.90287
4.26946
4.80699
6.00515
6.04326
5.09307
6.87332
6.47924
6.85173
6.23017
5.33308
5.45196
5.40695
6.66392
6.46797
4.31597
3.75855
4.61162
4.84999
5.63064
6.26157
6.69198
6.15903
6.00028
5.20472
6.23311
4.71456
4.51789
5.08986
5.14862
4.92925
7.58221
6.61979
6.01421
4.62172
4.92123
4.22646
2.68366
3.86660
5.29711
5.56185
4.83459
4.78496
6.49278
6.07282
5.31799
3.44701
3.52710
3.68841
4.29357
4.63542
5.08162
5.61521
5.72369
5.17904
5.61752
5.79381
3.53718
3.81336
3.39268
3.33071
4.27868
3.65165
3.16414
3.88558
3.90323
3.84512
3.55291
3.19754
4.49169
4.91033
4.69663
4.17462
3.49286
3.70416
4.18142
4.78986
5.09391
5.13166
4.30655
4.08085
4.36024
4.06063
4.76653
5.02136
5.73767
4.89671
4.89508
2.36239
4.14102
4.70039
3.94138
4.20627
3.54701
2.95811
3.60109
4.48931
3.29756
4.08843
3.69407
3.50495
4.11625
4.52371
3.56326
4.02125
3.91972
3.21674
3.40326
2.99655
3.61188
4.03222
3.29522
5.29490
2.65130
2.58353
2.40522
3.25415
2.48587
2.97812
3.69123
3.29392
2.96473
2.53077
2.55029
2.25762
2.54899
3.35020
2.74975
3.73728
2.61991
2.03033
2.10120
2.62789
2.37458
2.43706
1.90672
1.99169
2.71222
1.92221
2.38914
2.53453
2.58824
2.76381
2.04260
2.38269
1.28677
1.34132
1.71407
1.78256
2.00223
1.29551
1.73749
2.19636
1.72767
1.17468
1.49917
1.86999
1.75680
1.63188
2.12801
1.14308
1.51434
1.81716
1.59491
1.66712
1.93637
1.61216
1.94387
2.83208
1.10169
1.34302
1.57098
1.38846
1.62217
1.56787
1.69737
2.14384
2.07403
