1.35243
1.31097
1.32619
1.79125
1.61846
1.99850
2.19044
2.07766
2.45895
1.95329
1.80175
1.77242
2.35672
2.46485
2.78280
3.00474
2.14461
1.94608
2.03851
2.16751
1.97469
2.96530
1.93937
2.09337
2.39447
2.37368
3.44898
2.02006
1.00126
0.94944
1.44452
1.95374
0.80904
0.69121
0.51979
1.56768
1.94193
2.28108
2.93907
2.89669
2.63499
2.62114
2.52503
2.82069
3.22832
2.67749
3.22282
4.46893
2.11787
2.70712
3.11355
3.76441
3.17925
4.11801
4.11450
3.55299
3.68204
2.73797
4.13309
4.35534
3.35295
2.90128
3.24073
3.60210
3.52799
4.04472
3.53746
3.79367
3.78127
4.21037
3.86561
5.20115
4.53861
3.94507
3.80333
3.99313
3.38616
3.56113
4.65377
5.08972
4.94398
5.79634
4.59738
3.46531
4.61139
4.48273
5.21201
4.18005
4.67754
4.06440
4.76497
4.78893
5.38064
4.14894
5.53444
6.15412
4.22098
4.47216
4.56115
5.74051
5.53652
4.84706
4.25025
4.67158
6.34181
5.15585
5.85749
5.95796
6.52833
5.28458
4.51191
5.24799
5.94191
5.93976
5.16479
6.78493
5.32927
5.07012
5.78766
7.31487
6.52642
5.73981
5.28061
5.66922
6.29797
5.88218
6.56969
6.20380
5.66540
6.96961
7.26312
5.64014
6.81033
7.03630
7.60330
6.72548
5.77698
6.48456
6.91999
6.99011
6.92817
6.18633
6.48850
5.90765
6.04344
5.64525
5.66926
4.86842
5.10515
6.35078
6.95469
7.10882
7.46118
7.38922
6.07862
5.70375
6.66798
5.30660
6.60021
8.00419
6.82244
5.87015
6.77247
7.72864
6.64178
7.78346
7.65533
7.95725
7.68184
7.34895
7.61827
8.03244
7.26826
6.46251
6.78208
6.74018
6.68775
6.06465
5.93115
6.22475
8.01413
8.40893
8.63118
6.77064
7.36145
6.35948
6.10430
6.29982
5.90103
5.20990
5.70873
6.07201
6.02028
6.00101
5.00006
4.07589
3.51646
3.58654
5.03241
4.97084
4.43460
4.19254
3.88591
5.16448
4.64965
4.95429
4.98983
4.47792
5.04641
5.55639
2.83377
4.81994
5.19414
3.67887
2.75956
3.80297
3.97645
3.42825
4.25106
4.91728
4.63301
4.57613
4.65289
5.96622
6.12102
6.16461
6.25238
4.94298
4.37924
4.56804
3.50436
3.77916
4.06049
4.68000
4.73089
5.01957
5.24441
5.49176
5.58818
3.79808
4.45826
3.99584
4.92040
4.29085
4.12843
4.11487
4.27248
4.50320
4.26323
3.71437
3.17914
3.35271
4.05294
3.50696
3.99701
4.45485
4.59679
5.80795
4.57776
4.51446
4.74068
3.86269
4.51999
4.84483
5.39676
5.29869
5.46900
4.16039
4.84211
5.30516
4.15086
3.61146
2.48062
3.74549
4.58243
3.75589
3.94143
3.78805
3.80678
2.73234
2.85556
3.02684
3.39360
3.90874
3.22238
3.88992
2.92145
2.74883
3.70796
3.19798
2.54080
2.55519
2.63866
2.67089
2.96867
3.16102
2.72184
3.09644
3.57156
2.30988
2.28602
2.71447
2.90221
2.89279
3.29345
2.25140
3.03142
2.88828
2.36788
3.17975
3.07109
3.20264
3.37585
2.02109
2.85208
3.17243
2.70312
2.93656
2.89814
2.68171
2.46614
2.15089
2.76698
3.21069
2.42604
2.40019
2.92462
1.93589
2.28563
2.13374
1.94371
1.42650
1.41797
1.72296
1.51527
0.84981
1.26872
1.43766
1.74004
1.45510
1.70617
1.58911
1.47239
1.38475
1.48902
1.70852
1.37052
1.58055
1.46697
2.59803
1.67225
1.38774
1.18935
2.20493
1.15642
1.30129
0.76876
1.01144
0.88887
1.35872
1.66014
1.81311
2.32817
1.52346
1.86682
