0.86918
0.50591
0.89841
1.44328
1.88419
0.62648
1.40981
1.81760
1.58769
0.37498
1.41562
1.88973
1.00980
1.62460
1.95475
1.53699
2.13507
1.99377
2.06221
2.54609
3.41614
1.91228
1.99547
2.38310
2.24296
2.40548
2.16524
2.45773
2.22602
2.22387
2.64663
2.26567
1.58445
1.65859
1.92130
2.07107
1.44969
1.97964
2.63494
2.77114
1.60843
2.30576
2.88697
2.57338
2.05933
2.75613
2.38641
2.58353
2.12823
1.91446
2.42199
2.43586
0.32425
1.07927
2.06864
2.70355
3.21597
3.15301
3.46849
3.50814
4.32107
3.88685
3.44767
3.97793
4.89920
5.09900
3.34895
3.14901
3.81982
4.74947
0.95256
2.52741
3.11733
3.56683
3.41282
3.63843
3.57200
3.32732
4.43722
4.13792
4.01767
4.10618
4.23640
4.33625
4.72978
4.67518
5.14371
5.33002
3.87136
4.95457
4.57225
5.86571
5.43644
5.26624
4.65007
3.24683
5.14563
5.09395
6.48503
6.21057
5.15815
3.51783
3.96390
4.77928
6.03722
5.08182
3.95645
5.00362
6.13252
7.30500
6.78565
5.40493
4.33370
5.42501
5.34107
5.98028
6.62850
6.28160
6.30218
5.43463
6.01144
5.23616
5.63328
5.80778
6.75705
6.94909
6.12585
5.27905
5.26797
5.41210
5.19186
3.63578
4.10132
4.96473
5.99796
7.47109
6.33468
5.89238
6.29381
4.63012
6.20017
7.01387
5.47930
6.09409
7.18409
7.54767
6.69479
5.93867
4.96669
5.72679
7.14026
7.33166
6.94033
7.05975
6.36752
6.36984
5.97786
7.13438
7.07160
5.60527
5.65535
6.61807
6.34324
7.38456
9.05095
6.93909
7.17332
7.42563
7.70147
6.90426
7.76595
8.48227
8.04023
6.75152
5.95989
6.96146
6.73569
5.54127
5.80369
5.59162
5.32477
5.99084
6.55934
7.39133
7.03475
4.75158
3.72407
4.92904
7.11817
5.31515
5.51854
6.46256
5.95236
4.94366
5.07189
5.79290
5.64469
5.34180
5.89039
6.25554
6.56374
6.31065
5.31593
5.15574
5.16521
5.25624
4.77128
6.14074
5.67081
4.41584
4.27740
4.06099
4.62055
4.04818
4.95690
4.62453
5.07665
4.04921
4.57405
5.76094
4.38108
2.93430
4.68246
5.04100
5.34190
5.12847
4.89747
6.22515
5.52979
4.57568
6.01770
5.70075
5.18511
4.62014
4.69384
4.23208
5.11096
5.83845
5.30599
3.51189
4.36241
4.66116
4.83755
4.83353
4.14626
5.10855
6.17383
4.62759
5.05226
4.73994
4.03418
3.71394
4.31007
4.43133
4.06133
4.17568
1.78026
2.40647
3.59069
3.68500
3.70844
4.25993
5.33724
3.21272
2.78081
3.82581
1.22361
2.70367
3.64523
2.79895
3.71565
4.56949
4.31225
3.96645
3.16847
3.74772
3.07415
4.11307
3.95817
4.52736
4.30099
4.99661
4.80089
4.49391
3.99760
3.86139
3.15294
3.48606
4.70578
4.38199
4.12636
3.31543
4.16610
3.69556
3.24966
3.46061
3.61817
3.87197
3.19985
4.81676
3.80880
3.84971
3.06436
3.25004
2.57877
3.36876
2.41707
2.52353
2.64451
2.64166
1.93850
2.28406
2.00669
2.54363
1.99863
2.50666
2.33421
2.45099
2.23478
2.06835
2.32420
2.49403
1.17018
1.73056
1.24797
1.37934
1.81998
1.65914
1.99551
1.88875
0.26057
1.05410
0.90230
1.20693
1.62659
1.54110
1.65039
2.12447
1.67488
1.63926
1.58675
1.50893
1.10980
1.25557
1.07511
1.50971
1.69135
2.20721
2.22042
1.58983
1.70589
1.75474
1.57050
1.73355
1.81270
1.76917
1.47932
0.71469
1.39954
1.62777
0.73940
1.12236
1.08409
1.45801
1.73029
