2.29835
2.10837
1.83564
2.64161
2.76179
1.74421
1.10959
1.41909
1.66760
1.91593
2.08708
1.84008
2.14270
2.75428
1.97621
2.10453
1.81812
1.76303
2.06330
2.46811
2.54313
2.51451
2.12458
2.32681
1.88363
2.20501
1.19235
2.34859
1.91600
2.25053
1.85189
2.78512
2.94417
3.28394
0.88917
1.60221
2.09880
2.47368
2.62726
2.74809
2.77825
3.19996
2.77402
4.07967
4.72776
1.30996
1.85274
2.57830
2.56343
3.54080
2.62694
2.54666
3.51691
3.15407
4.47099
3.95079
3.74817
3.47545
4.39258
3.46985
4.64792
4.35718
3.16573
3.65129
4.24445
3.58839
3.43011
3.75491
3.48114
3.25210
3.44562
4.33863
4.98356
5.57733
5.18419
3.75105
2.50648
3.86893
3.31465
4.84732
4.37306
4.69880
4.69657
3.88950
5.17281
5.17819
5.05516
5.27295
5.58403
5.80257
4.68131
5.23623
4.92563
5.05558
3.99018
5.27622
5.32642
5.46609
5.53088
4.30664
5.05790
5.26397
5.65108
6.20046
5.65043
7.14090
7.18848
5.21966
4.86921
6.78118
6.31889
5.50580
5.73732
5.91106
6.18578
5.28235
5.88179
6.46333
5.59476
7.09278
8.17882
6.82416
5.87599
5.80487
6.13392
6.92642
6.07862
5.73951
6.54827
6.87523
5.71125
6.88093
7.96499
5.85977
4.94356
3.91819
4.68305
5.25558
5.60925
7.54061
8.06766
9.05333
6.46824
3.93487
5.63501
7.05513
6.94028
6.58323
6.84775
6.73996
6.53195
6.41622
6.57923
7.49631
7.53636
9.14903
7.37429
5.55113
7.43804
7.02025
5.96035
7.82555
8.38285
6.85185
7.04520
7.09928
6.85278
7.72775
7.92218
7.91785
7.80923
5.53629
5.71175
5.32203
5.39742
5.89569
4.69078
5.44788
5.69788
7.69969
6.60730
6.30980
5.69654
6.01850
5.52519
5.72500
4.57024
4.27194
4.46877
3.55922
3.20632
1.94550
2.10357
4.02360
3.94202
3.38548
4.65139
5.82423
6.16462
5.20645
4.15892
3.89710
3.62413
3.78032
4.11740
4.64054
5.00587
2.98928
3.97782
5.83763
6.65065
6.72521
6.03366
6.07120
4.70566
4.30902
4.12807
4.46962
5.05299
4.58637
4.24904
4.26643
5.03765
5.33919
4.77122
4.40321
4.10064
4.29167
3.68573
4.32522
4.53112
4.67536
5.18798
5.17833
5.23468
5.59450
4.99713
3.71568
2.64660
2.73806
3.53714
3.87730
3.78976
3.31292
3.26533
4.09875
4.07794
4.39041
5.12499
5.66849
4.39256
3.69161
3.57716
3.40713
2.96658
3.71994
4.51607
5.05725
4.98771
4.70370
3.42650
3.65383
3.09721
4.03658
4.37623
4.28298
4.78553
6.17536
4.93391
3.71731
3.75301
5.10296
5.73469
5.08346
4.32532
3.83659
4.39393
5.41816
4.01605
3.31987
4.69462
3.48407
4.84153
4.77251
2.90404
3.96727
3.34930
3.80797
3.99304
3.30364
4.04868
3.40437
2.94987
3.86319
3.87475
3.85807
3.07357
3.70394
2.51301
3.09828
4.29277
3.08695
2.73434
2.38263
2.92131
3.22672
3.84425
3.50212
3.77953
2.86123
2.69536
2.87508
2.36985
4.14406
2.18048
2.18437
2.25767
2.60870
2.41856
2.99367
2.60071
2.41260
3.05403
2.33453
2.81630
2.18443
1.99702
2.40696
2.92888
1.56121
2.11640
1.67856
1.13880
1.59499
2.04412
1.72764
2.79390
1.75378
1.61585
1.77112
1.80984
1.51569
2.05701
1.77860
1.62400
1.91527
2.21513
3.25450
1.43077
2.23534
2.04298
2.86645
1.69603
1.55674
1.72103
1.95166
3.15518
1.84606
1.81397
1.35945
0.89805
0.75847
1.71612
2.02747
1.85089
1.98247
